parameter	burnin	psrf	ess_concat	ess_0	ess_1	ess_2	ess_3	ess_4	ess_5	ess_6	ess_7	ess_8	ess_9
ln_likelihood	1	1.000106219923731	4636.789356322369	707.4416871107885	661.8491331779088	360.23112069864584	388.6051548015815	1000.0	608.4231165121821	645.943324992207	580.7340082343127	848.634808557035	668.9519060731623
concentration	1	1.0000268575892177	9362.3267378387	710.2690644198732	704.5225690395669	906.5819255110994	1000.0	1000.0	697.9883781325035	953.6898002321999	973.7581393120106	825.8935851930577	578.4092915032966
ln_likelihood_comparison2pop1	1	1.000259353606596	9134.540380275035	523.9597599653508	1000.0	996.1431760836516	1000.0	1000.0	1000.0	1000.0	656.0074597945429	987.3152244050178	724.880780084473
root_height_comparison2pop1	1	1.0001756169496616	8704.52451766962	1000.0	1000.0	1000.0	984.8191968968526	977.9143448273876	845.1197967212627	899.8780846463158	957.7130168652005	1000.0	925.9494353179424
pop_size_comparison2pop1	1	1.0002152801358988	10000.0	1000.0	1000.0	736.3034769624047	867.206571077279	1000.0	766.1290875464783	889.8287582866158	609.9218075114168	1000.0	1000.0
pop_size_comparison2pop2	1	1.0015081208258843	7385.721420300787	939.2384280725075	948.4677866297088	703.8363673034044	946.9794276745145	888.6231326599627	825.3953477594973	875.5255682035216	1000.0	1000.0	898.0963727727261
pop_size_root_comparison2pop1	1	1.0011329079505946	7532.716984163147	1000.0	1000.0	788.2561004714408	1000.0	1000.0	765.9931196956613	1000.0	903.0402857166486	1000.0	1000.0
ln_likelihood_comparison3pop1	1	1.0001427239410476	7618.460274666628	1000.0	942.6753807839345	1000.0	503.70959030334313	1000.0	1000.0	979.0460054935565	891.4521105390606	814.2315259988336	1000.0
root_height_comparison3pop1	1	0.9997374653235134	10000.0	954.2117310145039	1000.0	1000.0	631.3549596644499	944.8647156665704	1000.0	996.9505714507404	1000.0	839.423749220218	1000.0
pop_size_comparison3pop1	1	0.9998000139406803	9538.121737103407	1000.0	915.6418099136405	1000.0	793.3404831094223	935.3997758959387	1000.0	831.0974246331831	1000.0	1000.0	745.7995433482706
pop_size_comparison3pop2	1	1.0002164049993023	9823.11316872415	1000.0	860.7990589557145	1000.0	950.5591149685927	999.7879398361845	1000.0	824.3528796154225	1000.0	1000.0	1000.0
pop_size_root_comparison3pop1	1	0.9998645364979853	10000.0	1000.0	714.8690446028093	842.6038734367828	971.3443316050242	1000.0	1000.0	892.5527007277234	739.8996596988437	916.9051186166917	683.3485172646685
ln_likelihood_comparison7pop1	1	1.0000850467313893	5393.25546875309	1000.0	891.9353268018307	413.4848514999796	855.9381692413559	1000.0	923.4856629558113	835.6388767060067	681.3358487194901	1000.0	913.9893913834945
root_height_comparison7pop1	1	1.0001484912123704	8739.608083621222	1000.0	1000.0	1000.0	894.7190508810552	1000.0	1000.0	779.1003822755787	1000.0	731.0820093097549	931.3129510733385
pop_size_comparison7pop1	1	0.9997242315511503	9114.636492571892	1000.0	738.8664017302118	680.4093062122236	786.5518011407862	869.3839080111464	1000.0	852.6933341840604	777.904560802864	1000.0	1000.0
pop_size_comparison7pop2	1	1.0001866974785445	9136.01213816316	903.7556279640796	917.0086946715559	834.1481498956807	1000.0	1000.0	1000.0	854.9209512051882	924.9026971859693	1000.0	1000.0
pop_size_root_comparison7pop1	1	0.999806361883192	9359.841331656338	1000.0	935.0309075748327	811.3040426902083	782.5797893855313	884.180396537422	1000.0	896.0023056941441	871.3414616780092	1000.0	1000.0
ln_likelihood_comparison8pop1	1	1.0008117407062564	4313.143004088769	834.921544445648	965.0799308227076	351.7727627344742	643.9812851456705	1000.0	902.0971621684489	812.9538693227622	761.8719602415774	644.605635827171	1000.0
root_height_comparison8pop1	1	1.0002846446210638	10000.0	1000.0	1000.0	814.9737264520971	931.6911979323718	1000.0	700.250692582345	1000.0	1000.0	1000.0	1000.0
pop_size_comparison8pop1	1	1.0000013817353004	10000.0	1000.0	1000.0	972.8705598400988	1000.0	972.3670987328999	1000.0	925.2527565554402	784.5459735266926	956.0750198354345	1000.0
pop_size_comparison8pop2	1	1.00020835823749	10000.0	1000.0	701.0007673557304	886.0678563759659	976.8463462081223	1000.0	1000.0	1000.0	1000.0	1000.0	1000.0
pop_size_root_comparison8pop1	1	0.9999586771056224	10000.0	1000.0	786.6306637505446	1000.0	912.8507856733853	1000.0	1000.0	1000.0	1000.0	730.8238043101035	1000.0
ln_likelihood_comparison10pop1	1	1.0001049191515556	8810.773774238587	1000.0	1000.0	676.1520767148786	1000.0	1000.0	554.951862992938	740.9513306093415	1000.0	890.4269262125065	962.4480567079033
root_height_comparison10pop1	1	0.9996147798001052	10000.0	1000.0	957.4489989441613	973.1445728076737	861.1848244793675	992.194811492075	954.3783595629623	712.0697873445264	1000.0	813.5489016753214	1000.0
pop_size_comparison10pop1	1	1.0007620467445522	9607.084646456307	1000.0	959.8318092288237	981.2025081409197	1000.0	913.1641654110963	852.8696106893873	913.8463551079985	1000.0	1000.0	1000.0
pop_size_comparison10pop2	1	0.9998629746369941	10000.0	830.8817944861579	1000.0	1000.0	949.9226349851172	1000.0	1000.0	1000.0	1000.0	1000.0	920.3710236593878
pop_size_root_comparison10pop1	1	1.0004025082578922	10000.0	1000.0	945.2267277831503	749.7351580860619	1000.0	634.8924102046481	1000.0	1000.0	1000.0	1000.0	1000.0
ln_likelihood_comparison11pop1	1	1.000146066375793	4625.3890194013475	910.0313613751528	612.2670416237937	366.6981829179771	369.34618683910884	1000.0	505.65435372361685	772.6934514892465	588.2642902601118	804.4197481720332	619.7724280573707
root_height_comparison11pop1	1	1.0001326354948525	8422.84199889634	725.9869656134133	640.9128558214936	748.3924580522412	714.2832815829341	988.4230328029034	805.0643796131942	700.398577118294	782.0585688158804	799.3248211430773	597.4825745620401
pop_size_comparison11pop1	1	0.9999240296809452	10000.0	853.5656590994734	1000.0	758.9746557428193	695.0898062737388	1000.0	701.0734457071721	1000.0	890.9492538313524	888.3865597497186	772.7049639708096
pop_size_comparison11pop2	1	0.9998113421395903	7979.35188496717	611.6289686114646	765.7508571502356	981.4864675639851	703.4836383213386	892.0452059969682	714.798512607145	869.047574909494	895.8276837600682	930.1521166906679	617.6712687102001
pop_size_root_comparison11pop1	1	1.0000212384783318	10000.0	1000.0	1000.0	609.3649624682425	632.3653953047614	1000.0	899.807218351088	812.7438455146713	1000.0	962.5740430664508	884.6700008844645
ln_likelihood	100	1.0005881149514912	9010.0	901.0	901.0	901.0	899.1803797748748	872.6824342129012	901.0	901.0	901.0	901.0	901.0
concentration	100	1.000019648441025	9010.0	627.0225137422552	684.8353114123886	901.0	825.13437715117	901.0	661.3582227262665	622.1142674344608	901.0	901.0	515.2676415802135
ln_likelihood_comparison2pop1	100	1.0002060980696206	9010.0	901.0	901.0	901.0	901.0	901.0	851.3986091187326	683.1151216783129	901.0	901.0	901.0
root_height_comparison2pop1	100	1.0002510465158976	7130.1230374559555	901.0	901.0	901.0	807.524520215346	710.5670389419524	781.8494141613188	901.0	842.1958467168089	829.2417704561577	757.5157605749629
pop_size_comparison2pop1	100	1.0003399297340103	7352.296492773106	901.0	901.0	799.2898609326561	901.0	901.0	733.9644211605201	873.9219360553052	772.1155639035453	901.0	901.0
pop_size_comparison2pop2	100	1.001312598796139	6149.5448650199405	901.0	742.6503793899419	707.3764934296354	901.0	570.956100812482	630.5941833586628	901.0	901.0	901.0	901.0
pop_size_root_comparison2pop1	100	1.0011448051704692	6319.303519468484	901.0	901.0	766.8795175704375	901.0	698.6920942677131	599.9507496094436	901.0	901.0	901.0	901.0
ln_likelihood_comparison3pop1	100	0.9998708806812713	9010.0	901.0	850.932984073099	901.0	901.0	901.0	901.0	706.805415771508	901.0	901.0	882.5744160721418
root_height_comparison3pop1	100	0.9997584239122276	9010.0	881.3618097723876	901.0	883.1015354240515	676.3284483845185	699.5788897069352	901.0	901.0	901.0	680.0956333888605	901.0
pop_size_comparison3pop1	100	0.9998264638612584	8822.169323627302	901.0	901.0	901.0	867.5460034133033	901.0	787.3676117077732	762.0392363445595	901.0	901.0	669.2409436172677
pop_size_comparison3pop2	100	1.0003428457065193	9010.0	901.0	806.3681998383236	901.0	901.0	859.0554570987485	901.0	879.9135631520343	694.8381828567458	901.0	867.1092863060801
pop_size_root_comparison3pop1	100	0.9998504623350575	7618.676681834285	901.0	765.504993756196	901.0	901.0	901.0	901.0	730.9436999426173	710.9409232212058	862.050690264088	901.0
ln_likelihood_comparison7pop1	100	0.999860369223041	8567.290230858804	901.0	827.6117360866212	901.0	776.1790626585463	901.0	901.0	613.1689783228688	615.7151917224246	901.0	901.0
root_height_comparison7pop1	100	1.000214380651455	9010.0	901.0	901.0	901.0	578.1193790900095	901.0	901.0	901.0	892.5039908049334	747.418834474503	901.0
pop_size_comparison7pop1	100	0.9997409062229909	9010.0	901.0	901.0	675.9635032029139	901.0	687.95200407793	901.0	901.0	777.0217479398128	901.0	901.0
pop_size_comparison7pop2	100	1.0001846890439823	9010.0	843.974732171589	901.0	723.2528738894615	805.7617780889493	901.0	901.0	740.5122580425837	901.0	889.21738580139	901.0
pop_size_root_comparison7pop1	100	0.9998601914307402	8391.577970948665	901.0	901.0	901.0	866.891628008386	584.720361850276	901.0	675.4979329372144	714.673058333668	901.0	901.0
ln_likelihood_comparison8pop1	100	1.000177214811276	9010.0	784.1352653603211	775.4861178183671	901.0	694.0156552000733	901.0	901.0	901.0	901.0	901.0	901.0
root_height_comparison8pop1	100	1.0003873835203543	9010.0	901.0	901.0	705.634339607047	901.0	901.0	790.6210846574145	901.0	901.0	901.0	807.796615063931
pop_size_comparison8pop1	100	0.9998761180119128	9010.0	901.0	901.0	901.0	901.0	901.0	901.0	901.0	753.8672552222172	901.0	901.0
pop_size_comparison8pop2	100	1.0000056441479772	9010.0	901.0	901.0	901.0	844.3170633573218	901.0	901.0	710.6876959133609	901.0	901.0	901.0
pop_size_root_comparison8pop1	100	0.9999874545724774	9010.0	773.2764734448954	754.6636449332134	901.0	882.7668982938213	901.0	901.0	901.0	901.0	901.0	901.0
ln_likelihood_comparison10pop1	100	1.0001686521698268	8470.2737611508	901.0	901.0	901.0	901.0	901.0	653.535741878112	569.9362795751507	901.0	830.0377283511276	901.0
root_height_comparison10pop1	100	0.9995400906964633	9010.0	901.0	866.9688977919087	694.7272785107637	669.2127573210662	901.0	901.0	704.3957909557918	901.0	657.8921905057812	901.0
pop_size_comparison10pop1	100	1.0007771625781892	9010.0	889.4955859806564	771.4605813342563	901.0	844.0845751135058	901.0	756.7759575748294	668.4519130324824	901.0	901.0	901.0
pop_size_comparison10pop2	100	0.9997758295208155	9010.0	901.0	901.0	901.0	799.8314256901527	901.0	767.8970167788062	901.0	750.8584483473611	748.1211682429744	861.3796632052292
pop_size_root_comparison10pop1	100	1.0004571352558567	8958.634162181897	690.5561125927111	901.0	855.1959703178901	901.0	901.0	901.0	901.0	901.0	901.0	901.0
ln_likelihood_comparison11pop1	100	1.0000659500340674	9010.0	901.0	901.0	901.0	601.4927910019761	901.0	901.0	805.6297811214288	901.0	901.0	854.668525733634
root_height_comparison11pop1	100	0.9999693572331756	8383.723174374143	885.3806561528257	511.30288104755533	545.2519265047326	730.9893713279552	901.0	682.3352671040535	600.4951660475976	855.4630916425334	605.5804495928918	586.0437880829651
pop_size_comparison11pop1	100	0.9998781038881092	9010.0	873.1615772312732	901.0	901.0	685.1132476724463	901.0	901.0	901.0	901.0	897.0557783282536	901.0
pop_size_comparison11pop2	100	0.9998326308381321	6795.2924166263465	547.5742827926271	609.8495416079255	656.1043497857801	664.3409995249503	706.2623491393391	568.1682698135578	747.9505359445631	901.0	534.9174771723988	657.6070489412948
pop_size_root_comparison11pop1	100	1.0001243762500733	9010.0	901.0	901.0	889.3627395785495	526.8636687191866	901.0	901.0	754.5249846117142	901.0	819.1139279277952	901.0
ln_likelihood	200	1.0008188315930988	8010.0	801.0	801.0	801.0	801.0	801.0	547.9608832721107	471.4640351020704	801.0	801.0	768.0133509079392
concentration	200	1.0002572380478294	6375.894089409923	420.45608445688947	602.9361321141474	801.0	801.0	800.985391683427	634.4705618820968	518.9180137232181	625.603653605732	801.0	626.8272799740512
ln_likelihood_comparison2pop1	200	1.000288746463586	8010.0	801.0	759.5582316619602	505.25671268304995	731.2410138896275	801.0	734.1727124319217	606.3711548802094	801.0	714.0393778222077	801.0
root_height_comparison2pop1	200	1.0000684559720734	7403.807152674479	801.0	801.0	726.9637066523844	734.4188679412263	598.9363596452149	753.4367863451131	774.8047975089071	801.0	801.0	614.6829655516497
pop_size_comparison2pop1	200	1.0003176207364268	6797.670084924538	801.0	621.404757384424	703.6013945304961	685.4278408416417	731.2923785571409	604.675217908534	700.8040190373114	606.1847968715946	801.0	743.1776187581345
pop_size_comparison2pop2	200	1.0011590723059451	6463.359085885618	713.500621506411	759.7589865109403	801.0	675.585212278867	575.3807620867314	766.6134344059931	549.3168880676703	801.0	801.0	801.0
pop_size_root_comparison2pop1	200	1.0008900337084896	7116.350949491782	801.0	655.8643027570074	726.3912044434918	695.9619813134917	801.0	634.3142668138298	801.0	737.6551644108844	801.0	708.3676880538234
ln_likelihood_comparison3pop1	200	0.9997706269712927	7926.235143968073	801.0	801.0	801.0	683.3655479841347	801.0	801.0	714.6854886275732	801.0	801.0	656.8218860413863
root_height_comparison3pop1	200	0.9998735461162845	8010.0	801.0	801.0	801.0	750.613687177318	722.4151412955383	801.0	729.6591746629146	801.0	801.0	801.0
pop_size_comparison3pop1	200	0.9999031787093963	8010.0	801.0	801.0	801.0	630.93453025004	801.0	801.0	801.0	801.0	728.5584751153533	750.1480860186927
pop_size_comparison3pop2	200	1.0002978418114956	8010.0	801.0	674.9275559254132	801.0	801.0	801.0	801.0	657.5882561308825	801.0	801.0	801.0
pop_size_root_comparison3pop1	200	0.9997353188127567	7889.8659165353965	801.0	778.2980517091934	801.0	801.0	801.0	801.0	611.9931071141363	607.0243375171	741.5320049288945	542.3458757725789
ln_likelihood_comparison7pop1	200	1.0002035148848656	7585.7063803896535	724.9815255240538	801.0	801.0	767.8071630299698	801.0	739.4789903286392	602.5835955479655	512.585311744161	801.0	647.6903287013847
root_height_comparison7pop1	200	1.0004546617725825	6853.699506692026	760.6434412651263	801.0	787.3054760341826	791.508965361861	801.0	801.0	783.392247646384	607.3043308650001	801.0	801.0
pop_size_comparison7pop1	200	0.999828312941004	8010.0	760.300878535956	801.0	645.0216616540496	790.6046656371117	600.8781926534732	697.9023377259124	801.0	801.0	801.0	801.0
pop_size_comparison7pop2	200	1.0002774873108669	6721.966577352578	498.36999962176634	528.1373264476563	590.1295526421757	801.0	794.4497561266793	638.6316913357505	678.3530257554803	758.7822538378374	801.0	801.0
pop_size_root_comparison7pop1	200	1.0001059107779282	8010.0	660.5704470592634	786.3240475043319	738.1463717781646	748.3781328897592	484.6416740992579	801.0	642.9815930946259	801.0	801.0	801.0
ln_likelihood_comparison8pop1	200	1.000255648806855	8010.0	747.1752308019697	801.0	764.3848156483277	603.2036550913592	801.0	801.0	775.0889292353106	801.0	801.0	801.0
root_height_comparison8pop1	200	1.0003529382840841	8010.0	691.3495235692075	801.0	774.0118682520696	768.706524187231	801.0	609.4933051255107	801.0	801.0	801.0	801.0
pop_size_comparison8pop1	200	0.9999489331704353	8010.0	801.0	801.0	769.4765700435731	801.0	801.0	801.0	606.4602174207943	801.0	585.5969759347812	801.0
pop_size_comparison8pop2	200	1.000041509982669	8010.0	801.0	801.0	801.0	771.1300992282681	801.0	801.0	659.0457000586237	801.0	801.0	801.0
pop_size_root_comparison8pop1	200	1.0001768738439196	8010.0	801.0	733.2329677239693	801.0	584.3926727283413	801.0	706.9033145668751	801.0	801.0	801.0	801.0
ln_likelihood_comparison10pop1	200	1.0003780981811194	7870.431015163848	801.0	801.0	801.0	801.0	801.0	627.6260787799613	538.266179866657	801.0	443.6986591012204	655.0185597250037
root_height_comparison10pop1	200	0.9995287273524198	8010.0	801.0	801.0	501.16254625532986	801.0	801.0	801.0	487.0719421553422	801.0	717.8991427574289	801.0
pop_size_comparison10pop1	200	1.0009142136531972	7901.656474651432	662.2182077266025	628.2321643137172	801.0	801.0	733.5858630734231	655.9056331868653	602.9380091301726	801.0	801.0	665.8867954481607
pop_size_comparison10pop2	200	0.9997343426677883	8010.0	801.0	801.0	801.0	801.0	801.0	801.0	801.0	678.3922682441618	728.3760427195895	728.006404230411
pop_size_root_comparison10pop1	200	1.000568628939831	8010.0	630.7841113966863	718.8903841290715	586.5859947279381	801.0	591.141041497384	801.0	790.1859010305026	801.0	798.2652177493669	801.0
ln_likelihood_comparison11pop1	200	1.0002851267307424	8010.0	649.4587893332075	801.0	750.2197997554872	801.0	694.9368302843095	801.0	801.0	801.0	801.0	656.7979018659823
root_height_comparison11pop1	200	0.9996578218857161	7087.350505108335	518.5336341984869	421.76302956627245	698.1993138609965	505.5982268884279	801.0	508.81041163852905	780.8983728629846	505.38197663852054	592.3237839824865	507.12702485799247
pop_size_comparison11pop1	200	0.9998427493203197	8010.0	801.0	706.5042320166643	756.5745367647186	801.0	801.0	777.3548245751687	801.0	801.0	801.0	768.0488565839004
pop_size_comparison11pop2	200	0.9994891997126288	6772.2471682262185	423.71999625465304	596.2072158931749	728.3911366456406	494.22464998401074	714.5777521643062	458.5497721665979	801.0	748.7526182459447	648.0848074675641	520.4377143296194
pop_size_root_comparison11pop1	200	1.0001696554747923	8010.0	801.0	698.8392592277562	683.0315589982421	771.500659693537	801.0	801.0	801.0	801.0	801.0	660.3649749058427
ln_likelihood	300	1.0006337841917887	7010.0	701.0	701.0	701.0	701.0	701.0	691.5438938599268	476.60582990013825	701.0	701.0	701.0
concentration	300	1.0001035489092256	5878.7877754833935	282.2039802162317	409.86317010777043	701.0	517.6520956024114	536.8323121660738	610.2877664328279	531.6139720652145	340.1466276004715	701.0	701.0
ln_likelihood_comparison2pop1	300	1.0002249363241145	7010.0	701.0	598.8671574949797	701.0	701.0	701.0	701.0	582.5225780330627	701.0	701.0	701.0
root_height_comparison2pop1	300	1.0003936255960135	6906.446857208201	701.0	633.7353729942957	672.712391143008	449.6250015958545	409.52440779614227	701.0	537.1682006196571	701.0	627.5325074131097	679.3780263046549
pop_size_comparison2pop1	300	1.0002903213828707	6581.192639667175	701.0	599.889998852847	657.3675500521666	701.0	701.0	578.3177429578751	643.2683185314286	362.52581572079623	701.0	701.0
pop_size_comparison2pop2	300	1.000904977347987	6596.217452112576	686.5548866631208	701.0	701.0	565.9814580956252	612.029492383712	691.5752458945987	701.0	701.0	701.0	460.5032390987761
pop_size_root_comparison2pop1	300	1.0007881051767402	6480.814842620032	701.0	701.0	561.9413822959997	567.5562995134306	547.1197313646533	544.0562419491389	701.0	493.53070893827663	701.0	685.6763660467825
ln_likelihood_comparison3pop1	300	0.9995884263908024	7010.0	701.0	531.5328798868458	701.0	677.6895755061204	701.0	701.0	701.0	701.0	701.0	545.6881364438694
root_height_comparison3pop1	300	0.999708463248867	7010.0	602.8219987035612	701.0	679.53966596487	701.0	515.3545393735798	701.0	701.0	701.0	622.8617803107162	701.0
pop_size_comparison3pop1	300	1.0002320987696012	7010.0	701.0	701.0	701.0	650.0882891122425	701.0	701.0	577.6956904508652	701.0	701.0	504.07422327281546
pop_size_comparison3pop2	300	1.000308877182701	7010.0	701.0	538.6450626205332	701.0	688.4524674958387	701.0	701.0	496.4703220269648	701.0	701.0	701.0
pop_size_root_comparison3pop1	300	0.9999860728484085	7010.0	701.0	695.4681321550219	680.8799885661286	701.0	674.9134419930015	701.0	701.0	701.0	649.1210690131463	457.37168337667424
ln_likelihood_comparison7pop1	300	1.0000339196083048	6739.226555796158	619.5569467838036	701.0	701.0	627.7800784582686	701.0	701.0	468.54926712486105	419.78854611597365	701.0	623.7643033717404
root_height_comparison7pop1	300	1.00033631896295	6650.035082485993	687.668871524249	658.8176113222461	701.0	667.5746884995293	701.0	701.0	630.0701578661217	477.5928526331318	701.0	701.0
pop_size_comparison7pop1	300	0.9999296386226478	6847.178931826662	651.3982328505633	701.0	680.3556542609784	701.0	582.0625194383332	701.0	701.0	649.5107696170348	701.0	701.0
pop_size_comparison7pop2	300	1.0002365052259747	5651.869730986981	471.55115620507905	544.8231934547315	502.98164467762524	701.0	701.0	701.0	584.8474410906026	697.4065982090615	701.0	701.0
pop_size_root_comparison7pop1	300	1.0004364189632917	6266.343315748162	562.4791353996922	701.0	701.0	701.0	519.5304904280243	701.0	667.7799951198449	665.0374801046628	701.0	701.0
ln_likelihood_comparison8pop1	300	1.0006302442132455	6744.160993802059	571.3785902749182	701.0	489.8595590787577	607.7397752992326	701.0	701.0	690.9639343309929	701.0	701.0	701.0
root_height_comparison8pop1	300	1.0004168701693203	7010.0	701.0	701.0	605.0168649913694	701.0	486.2680401112925	671.4946880085545	701.0	701.0	636.4010580288161	695.5337076740514
pop_size_comparison8pop1	300	0.9998773527537096	7010.0	701.0	701.0	693.8069699963312	701.0	701.0	701.0	603.2255737228604	701.0	701.0	701.0
pop_size_comparison8pop2	300	1.0000193230956902	6972.055629986052	701.0	701.0	680.9276215100588	701.0	572.5020848676016	671.0233669681605	661.8194075109485	701.0	701.0	701.0
pop_size_root_comparison8pop1	300	1.0002481602478683	7010.0	667.6266776497254	701.0	701.0	679.2052642596176	701.0	660.8047582466324	649.2777661459792	701.0	585.43458430159	701.0
ln_likelihood_comparison10pop1	300	0.9999922009147748	7010.0	701.0	701.0	554.7047666705356	701.0	611.6819374096306	558.0426787362265	466.89596413469263	701.0	625.0919553580607	601.8293736438359
root_height_comparison10pop1	300	0.9994920598164697	6781.697827784356	701.0	701.0	549.1500378284319	670.7309825146402	701.0	701.0	420.8451598277681	701.0	652.3946948031087	701.0
pop_size_comparison10pop1	300	1.0008922477746598	5440.581030818892	615.7657718786467	701.0	701.0	632.4066843628121	701.0	565.9323598996685	535.216452629136	701.0	701.0	644.9429856197985
pop_size_comparison10pop2	300	0.9997128182410467	7010.0	508.8414627305341	701.0	701.0	524.2520810252221	701.0	701.0	701.0	640.8111360890769	701.0	676.4026563666691
pop_size_root_comparison10pop1	300	1.0004149841883763	6078.925473946166	518.9788769447268	701.0	452.2425088417477	701.0	701.0	701.0	701.0	574.9821416575091	701.0	701.0
ln_likelihood_comparison11pop1	300	1.0002921459539404	7010.0	701.0	701.0	701.0	701.0	582.4742003921257	701.0	635.4373765777716	701.0	666.4246611785318	601.378355065434
root_height_comparison11pop1	300	1.0000045421526402	6700.201257852894	701.0	519.1781606902529	671.9241869971419	561.4538824663681	701.0	553.728752195483	701.0	618.7269017553077	531.3609634434795	625.7100468527004
pop_size_comparison11pop1	300	0.9998529608265401	7010.0	647.6819634857201	637.1180986994461	565.1701140145866	561.8784499559326	701.0	701.0	701.0	701.0	701.0	518.2711593674007
pop_size_comparison11pop2	300	0.999672512747551	6236.706964493306	433.70095935633367	626.844275987189	701.0	458.95095281264184	677.1799944849118	458.8717337165547	701.0	701.0	456.0692502927192	609.9744688508426
pop_size_root_comparison11pop1	300	1.000259896603689	7010.0	701.0	647.957215337212	590.8357304613149	676.9657882366843	701.0	701.0	568.5554821037866	701.0	643.7713563270195	516.7081501727281
ln_likelihood	400	1.0005359602089554	6010.0	601.0	601.0	601.0	601.0	580.6402893793455	601.0	485.0350217052972	601.0	601.0	601.0
concentration	400	0.9998708185043397	5481.271209548758	384.4265894430962	387.1607582766503	601.0	473.8768836316923	419.7876294338849	434.83586470189437	556.8419633687768	252.11927518808386	378.5782454417292	601.0
ln_likelihood_comparison2pop1	400	1.0002386036040214	6010.0	589.0984590697774	554.6796234744903	544.3352198046426	601.0	601.0	601.0	557.0401282808338	601.0	601.0	601.0
root_height_comparison2pop1	400	1.0005338346084824	5018.564119485237	601.0	601.0	601.0	405.8535470126249	570.1341474272997	575.6636619999674	575.1310862939129	601.0	601.0	601.0
pop_size_comparison2pop1	400	1.0000843502586267	6010.0	512.6865021395553	601.0	457.08602269616733	601.0	601.0	419.79440541116094	601.0	601.0	601.0	601.0
pop_size_comparison2pop2	400	1.001579423644784	4965.6749482073365	601.0	601.0	601.0	582.7281419506066	521.7159188098416	580.0210965107907	601.0	601.0	601.0	601.0
pop_size_root_comparison2pop1	400	1.0005933416643513	5502.3090368026515	569.2100006488242	601.0	544.108642925915	601.0	586.9421147796357	390.8744657827907	601.0	572.4001389974354	601.0	601.0
ln_likelihood_comparison3pop1	400	0.9996894528220125	6010.0	601.0	601.0	601.0	556.4989298691876	601.0	601.0	601.0	547.8480230700837	601.0	601.0
root_height_comparison3pop1	400	0.9994896387631742	6010.0	601.0	601.0	601.0	601.0	465.82425619580744	601.0	601.0	601.0	601.0	601.0
pop_size_comparison3pop1	400	1.0002424065536584	6010.0	601.0	601.0	601.0	383.36306334727317	601.0	601.0	601.0	601.0	601.0	588.4713540869851
pop_size_comparison3pop2	400	1.0001716074073705	6010.0	601.0	601.0	582.9569900778299	601.0	533.7124100708556	601.0	377.8280719333987	601.0	601.0	601.0
pop_size_root_comparison3pop1	400	0.9999853160644687	5757.335355887515	561.1404917995774	601.0	601.0	586.9021535059442	439.1244507254238	601.0	601.0	601.0	601.0	601.0
ln_likelihood_comparison7pop1	400	0.9999958740412799	6010.0	601.0	601.0	601.0	601.0	554.7954634571646	601.0	469.36002949124054	397.0171680366762	601.0	595.5928690533974
root_height_comparison7pop1	400	1.0001677794080768	5496.502176043153	601.0	440.7016032493414	601.0	601.0	601.0	601.0	543.2823010045428	601.0	546.2304798886513	590.825887778123
pop_size_comparison7pop1	400	0.9997878387924404	6010.0	601.0	601.0	601.0	601.0	601.0	601.0	535.6376311770011	601.0	516.6380590653439	601.0
pop_size_comparison7pop2	400	0.9999607066304355	5523.33439236995	591.3979576942857	492.3472795170524	464.17433966355	601.0	601.0	601.0	466.0405234527057	601.0	509.1702912743303	601.0
pop_size_root_comparison7pop1	400	1.0002791543744916	6010.0	527.1936734354504	601.0	497.8344970133817	589.5391611117697	487.6905609784552	601.0	412.809612571775	496.97241490387864	501.5581014474545	601.0
ln_likelihood_comparison8pop1	400	1.0010787993594719	5324.415138714828	495.46536993431033	559.0109407882063	600.5632481256375	501.6696637674308	601.0	601.0	543.6128958909478	601.0	484.9596381028361	601.0
root_height_comparison8pop1	400	1.0001260194128023	5504.70557802152	379.88773661788673	601.0	415.51466410863907	601.0	521.2137010241754	601.0	601.0	439.24732556356514	483.7102314036081	601.0
pop_size_comparison8pop1	400	0.9998153760493748	6010.0	601.0	601.0	601.0	601.0	601.0	601.0	601.0	601.0	443.9581751056387	601.0
pop_size_comparison8pop2	400	1.000160573851986	5558.983838134398	601.0	601.0	601.0	537.5383544159241	446.29482745411286	601.0	601.0	601.0	601.0	601.0
pop_size_root_comparison8pop1	400	1.0004606370529203	6010.0	487.1528457241653	563.1161816296828	601.0	586.8052473670665	601.0	601.0	601.0	601.0	480.2537044381847	601.0
ln_likelihood_comparison10pop1	400	1.0000095357982817	6010.0	601.0	601.0	556.8815730600729	601.0	601.0	354.89150288189313	601.0	601.0	406.97529541965724	489.56706819408157
root_height_comparison10pop1	400	0.9994216217316119	5501.347646973747	601.0	601.0	507.74854497764727	448.4186136420685	497.31622823642016	451.47117191473234	328.6011428750233	601.0	408.80190962005923	601.0
pop_size_comparison10pop1	400	1.001040306522579	5315.814507844299	601.0	601.0	601.0	601.0	581.7901155942701	601.0	601.0	601.0	601.0	586.1509591056029
pop_size_comparison10pop2	400	0.9997554680740101	6010.0	433.7927875897934	601.0	524.2977058557161	601.0	473.42358782425316	601.0	504.60149401089535	601.0	513.4316028427281	514.1833450589185
pop_size_root_comparison10pop1	400	1.0004787839693932	5789.163230401582	530.0797891997739	601.0	399.23905353263694	601.0	365.48822887620213	601.0	601.0	601.0	552.6850658170947	601.0
ln_likelihood_comparison11pop1	400	0.9999653680845059	6010.0	601.0	601.0	570.6803957521427	601.0	473.3290444938382	601.0	579.5202654001113	601.0	601.0	601.0
root_height_comparison11pop1	400	0.9999738985348018	5109.663078742543	419.84818329355164	492.47221669284914	353.6285721508276	400.52252918339707	601.0	601.0	397.48901878885005	372.25857527517473	417.00689747915635	601.0
pop_size_comparison11pop1	400	0.9998382146184899	6010.0	601.0	601.0	582.1576956630084	601.0	601.0	601.0	601.0	542.8067921611653	601.0	601.0
pop_size_comparison11pop2	400	0.9994703734756373	4623.753800859778	323.24080362137244	497.2809802195115	462.301579028297	379.70703428701864	517.3750221261225	512.4342811903299	500.5543546127148	402.6324928641382	368.5565991255202	455.0647353035646
pop_size_root_comparison11pop1	400	1.00009514964728	6010.0	601.0	601.0	530.2976543984349	601.0	601.0	601.0	601.0	601.0	527.2011312420519	601.0
ln_likelihood	500	1.000713035520651	5010.0	501.0	501.0	501.0	501.0	497.323704586533	481.7096293039944	501.0	497.78972069264165	501.0	501.0
concentration	500	0.9996502123564738	4337.127932944946	306.5292470282994	250.87124901362085	501.0	495.83825998287693	373.04992401960453	355.49931006820515	501.0	332.61088431191246	426.45823922677727	501.0
ln_likelihood_comparison2pop1	500	1.0003018691748398	5010.0	501.0	299.555225748739	411.7109432392257	501.0	501.0	383.6710089733458	489.6538246600034	473.0872941257226	501.0	501.0
root_height_comparison2pop1	500	1.000519449738446	4789.039038601145	501.0	501.0	444.1483087308257	501.0	326.8054566230434	420.6830978192515	501.0	328.51172444579237	501.0	501.0
pop_size_comparison2pop1	500	1.0001254003444755	5010.0	501.0	348.7429538312252	452.8706884064287	501.0	396.85051834612244	400.4128981781897	492.33759140433204	501.0	501.0	501.0
pop_size_comparison2pop2	500	1.0026766817392132	3505.5505094998043	441.11739513184745	322.7358927623791	501.0	501.0	307.9134032226709	460.7128612212333	501.0	501.0	501.0	365.25289526870523
pop_size_root_comparison2pop1	500	1.0010805219205572	3953.5267085060814	501.0	492.34737120792704	431.1488030854013	501.0	404.55102637928803	403.483731406588	501.0	486.17315071673477	501.0	501.0
ln_likelihood_comparison3pop1	500	1.0000301091221275	5010.0	501.0	501.0	501.0	354.6452999488752	501.0	501.0	438.69357962902	501.0	501.0	409.01535207124465
root_height_comparison3pop1	500	0.9996866532983316	5010.0	384.06742712143733	501.0	501.0	501.0	412.0389301289807	501.0	501.0	501.0	501.0	472.9133994988907
pop_size_comparison3pop1	500	1.0003065039009915	5010.0	501.0	501.0	501.0	283.6344750889294	405.8025668984623	501.0	466.9747943896079	501.0	501.0	444.4922772067892
pop_size_comparison3pop2	500	1.0001094110838078	5010.0	501.0	501.0	501.0	501.0	413.1606126116419	501.0	352.3113318505296	501.0	501.0	501.0
pop_size_root_comparison3pop1	500	1.000212818002345	5010.0	501.0	501.0	304.1984322684059	501.0	320.711299719056	501.0	501.0	499.90752544392114	366.99541292381684	455.2808046337436
ln_likelihood_comparison7pop1	500	0.9996266307224838	5007.98297227062	501.0	501.0	501.0	325.8605810440043	501.0	389.8597226079748	372.96495476507715	366.1811718707986	491.3258680856444	501.0
root_height_comparison7pop1	500	1.0007533805869995	4351.560005352663	427.74084590314357	435.81267795771066	392.3570545161039	455.70157222469265	500.5459740911885	433.1041886580628	501.0	491.89634052989413	488.0680797703739	453.70720371197666
pop_size_comparison7pop1	500	0.9992797773564783	5010.0	501.0	501.0	501.0	501.0	501.0	501.0	501.0	501.0	411.3876273461013	501.0
pop_size_comparison7pop2	500	1.0003114696071884	4309.514690072002	392.5394083625431	449.908951084743	373.80788844303976	421.7194832711721	433.8694731223181	445.2971152270148	380.2574857341875	501.0	501.0	382.44482470202234
pop_size_root_comparison7pop1	500	0.9999510503582247	5010.0	454.1377628844112	501.0	501.0	355.53928106984847	393.6745319619863	501.0	456.00189797356893	501.0	392.4238874046967	501.0
ln_likelihood_comparison8pop1	500	1.001245477172539	3892.136321106003	420.6386367830519	501.0	295.52826893960827	501.0	501.0	501.0	501.0	408.3933893935235	496.68190018826084	501.0
root_height_comparison8pop1	500	0.9997794187440363	5010.0	303.17846867975584	434.22456129019173	380.84180117541104	426.7373633650035	501.0	425.5522059843859	500.0480820455437	501.0	477.23269962532316	501.0
pop_size_comparison8pop1	500	1.0001376308497705	5010.0	440.5299253130126	475.6975360051969	501.0	501.0	501.0	495.46707674490494	451.15373125704235	419.0155752114029	439.96922970717014	501.0
pop_size_comparison8pop2	500	1.0004488381520873	5010.0	501.0	501.0	383.7970992631238	501.0	501.0	463.77273630919916	467.58791899467974	501.0	501.0	501.0
pop_size_root_comparison8pop1	500	1.0002362424862217	5010.0	501.0	496.7437487859899	501.0	361.5660812516515	501.0	484.58557987322723	501.0	501.0	456.83975529520256	501.0
ln_likelihood_comparison10pop1	500	1.0002739800406113	5010.0	501.0	501.0	501.0	501.0	501.0	329.44485197118655	501.0	501.0	501.0	383.35669132536077
root_height_comparison10pop1	500	0.9994830073616209	5010.0	501.0	486.8333167650065	279.17743851618775	297.55614868221585	308.4835588573952	501.0	353.4073475761924	501.0	365.2617603912319	501.0
pop_size_comparison10pop1	500	1.00126655862328	4764.062440824504	501.0	380.19251691068416	501.0	501.0	501.0	462.2940076929587	489.3235473539234	501.0	384.77760196674296	501.0
pop_size_comparison10pop2	500	1.0001153912281997	5010.0	490.8320286204013	501.0	501.0	413.19803867736425	380.1890350178206	501.0	501.0	501.0	485.4984366720548	477.47018943030355
pop_size_root_comparison10pop1	500	1.0002274778722957	5010.0	453.123525150923	501.0	501.0	501.0	501.0	501.0	501.0	501.0	398.61207219371994	501.0
ln_likelihood_comparison11pop1	500	0.9999837183550416	5010.0	501.0	501.0	501.0	388.0939655439221	501.0	501.0	501.0	501.0	501.0	501.0
root_height_comparison11pop1	500	0.9997662859594797	3927.7320609682256	344.9330945887093	396.9929560488748	304.4996086616908	253.85788283418432	413.27338399124324	365.3537752113883	263.6364513855053	383.3546876842121	260.6067401674788	378.84013378635063
pop_size_comparison11pop1	500	0.999893265680872	5010.0	501.0	501.0	501.0	501.0	501.0	371.3730952606848	501.0	501.0	501.0	497.0939210082687
pop_size_comparison11pop2	500	0.9991191588760147	3599.934797046069	261.1178650426275	439.6856297438905	372.7476738598929	241.6885306483586	268.8429043293222	371.6096418147322	338.80259299445515	409.13168308613416	256.57334311087135	290.4426101865495
pop_size_root_comparison11pop1	500	1.0001653096465732	5010.0	501.0	501.0	501.0	415.81375855589243	501.0	399.6542831046865	501.0	501.0	501.0	472.39568488859976
ln_likelihood	600	1.0001619148950822	4010.0	401.0	401.0	401.0	401.0	395.80768064563495	400.9994033056068	238.18883565861486	401.0	401.0	401.0
concentration	600	0.9997571643549623	3466.748009826136	401.0	194.6261891880058	260.8988196992355	314.7797287565408	280.5465246070716	399.0963998828606	326.35525343037153	167.52894340759823	326.1279857009123	401.0
ln_likelihood_comparison2pop1	600	1.000726565292481	4010.0	401.0	377.1348547486872	401.0	401.0	398.5867618482493	395.7632899226873	401.0	329.4297052872616	401.0	401.0
root_height_comparison2pop1	600	1.0005318221135941	3363.8105682602927	401.0	401.0	401.0	381.22444414413985	401.0	401.0	401.0	286.63884245691366	401.0	327.061607296189
pop_size_comparison2pop1	600	0.9998396167756529	4010.0	273.38706264826203	324.1817932743606	365.38802730699535	401.0	401.0	247.47778572309352	401.0	336.30688228927266	401.0	401.0
pop_size_comparison2pop2	600	1.0032180639844783	2820.3856713982245	347.1774845872081	376.60292788857424	401.0	325.2171806477257	287.6291567247751	352.6123251861086	401.0	401.0	401.0	401.0
pop_size_root_comparison2pop1	600	1.001586308652117	3246.546296868383	401.0	401.0	377.60131502561984	401.0	401.0	219.23405066868546	401.0	251.39155305337235	401.0	401.0
ln_likelihood_comparison3pop1	600	0.9999141250380686	4010.0	401.0	401.0	401.0	317.1309250483301	401.0	401.0	401.0	401.0	331.78947514685274	307.23839501906673
root_height_comparison3pop1	600	0.9996302659724321	4010.0	246.92323114155707	364.48390203365597	401.0	401.0	295.4969749460698	372.4331796172011	401.0	401.0	401.0	401.0
pop_size_comparison3pop1	600	1.000407569067666	3946.9174065898765	401.0	401.0	364.89287263869403	221.29050752062713	306.8474247833216	385.6974570359675	401.0	401.0	401.0	401.0
pop_size_comparison3pop2	600	1.0003722332979583	4010.0	401.0	401.0	396.9702064374819	401.0	401.0	401.0	241.22175884801874	401.0	401.0	401.0
pop_size_root_comparison3pop1	600	1.0002387101524344	4010.0	401.0	401.0	230.86180114236208	401.0	329.84913471740924	396.9358546012219	359.3369734886283	401.0	299.45116275999385	401.0
ln_likelihood_comparison7pop1	600	0.9997269223810494	4010.0	401.0	343.5200866555418	401.0	401.0	401.0	401.0	305.19988403446837	292.5894870804038	401.0	348.7894924290488
root_height_comparison7pop1	600	1.0007659010305971	4010.0	401.0	311.21335208439075	337.16146033309053	400.41860996304473	401.0	401.0	313.19295339477225	391.7619348205929	290.47512723858495	401.0
pop_size_comparison7pop1	600	0.9992135566543643	4010.0	401.0	401.0	401.0	401.0	401.0	401.0	315.300784652834	289.30492826739595	401.0	309.76542259091286
pop_size_comparison7pop2	600	0.9998748840373021	3366.4598612480963	277.3049354923957	401.0	288.0695758993283	324.1354562963677	401.0	273.4905097306922	358.43247890308834	401.0	300.08426509986725	357.6394036252373
pop_size_root_comparison7pop1	600	1.0000272529368015	4010.0	375.73543609264	353.8295188651537	401.0	401.0	401.0	401.0	279.02883164477504	252.77042746160365	395.7998722939627	327.165286434738
ln_likelihood_comparison8pop1	600	1.0013417061722307	4010.0	345.6317177239098	343.11167968520897	219.59148768788052	401.0	401.0	401.0	238.8652401702305	401.0	335.65326112675746	401.0
root_height_comparison8pop1	600	0.9992669503626994	4010.0	343.0407960616576	401.0	340.6820033289365	373.8401548856862	401.0	401.0	348.5860278120198	401.0	401.0	401.0
pop_size_comparison8pop1	600	1.0000478442192977	4010.0	305.2301385104471	276.77780899830503	401.0	401.0	401.0	401.0	400.14378944813626	401.0	401.0	401.0
pop_size_comparison8pop2	600	1.0003347660474202	4010.0	401.0	361.65052193223323	401.0	371.17990814782826	395.8709979694533	401.0	353.4232127365653	401.0	401.0	401.0
pop_size_root_comparison8pop1	600	1.000062813027524	4010.0	367.23133722339685	290.7230659652486	401.0	321.5198021465652	401.0	318.1145194418564	293.5249587281284	401.0	298.08335196952055	401.0
ln_likelihood_comparison10pop1	600	0.9999047014168748	4010.0	374.5258871675226	338.81705533238323	401.0	329.19724816422945	374.4950246589583	257.33588260408493	377.03331978587653	387.9994189001221	401.0	327.7485980975396
root_height_comparison10pop1	600	0.9994992438263824	3495.764610100409	368.6259731548632	401.0	231.3301003722798	401.0	398.8660151704779	401.0	215.06751732844424	401.0	256.66300191732546	401.0
pop_size_comparison10pop1	600	1.0003486937089434	3707.4456601327674	302.96312705527953	367.2723909407556	401.0	401.0	401.0	401.0	401.0	401.0	401.0	389.85336802496244
pop_size_comparison10pop2	600	0.999976200380054	3998.8889931115727	316.62927075984607	401.0	401.0	261.66071028126476	328.40281631290225	401.0	401.0	401.0	401.0	390.43561680011754
pop_size_root_comparison10pop1	600	1.0002539347952426	4010.0	309.21545363820366	401.0	384.33430696886336	315.02869677918926	401.0	401.0	401.0	401.0	401.0	401.0
ln_likelihood_comparison11pop1	600	1.0002428163494643	4010.0	345.6401594949394	401.0	336.94735259170346	366.0058051978002	401.0	401.0	401.0	401.0	401.0	397.7968273243735
root_height_comparison11pop1	600	0.999629104545542	3586.5554756760052	347.8439656035718	401.0	198.11665275547242	276.07661009820777	396.59581385344734	375.8801820010003	329.2527143154781	254.48652824640934	171.30493236893975	260.48770437917227
pop_size_comparison11pop1	600	0.9998087831744746	3918.032919769919	348.8760180335098	401.0	401.0	401.0	401.0	401.0	374.4651431109447	401.0	401.0	291.4657239302793
pop_size_comparison11pop2	600	0.9992513376813453	2517.438852253676	228.6444222661465	401.0	225.9616029390281	286.2942035901073	272.5976779550007	302.59346926974456	401.0	401.0	194.1815787789569	200.84406432812105
pop_size_root_comparison11pop1	600	1.000088219281524	4010.0	345.3081135074157	401.0	294.81087609722675	324.4426191033921	401.0	401.0	355.60196163200857	401.0	387.97420903814526	382.87983533744386
ln_likelihood	700	1.000494982980653	3010.0	301.0	295.3280313784245	301.0	227.4167106842551	301.0	301.0	268.1984310551452	301.0	301.0	301.0
concentration	700	0.9997010046359515	2518.848128856122	225.42976170711813	155.7933118390917	301.0	301.0	301.0	301.0	284.6632451543785	112.1560019321389	167.4976898220861	301.0
ln_likelihood_comparison2pop1	700	1.0010632124268093	2714.84717135142	301.0	301.0	276.0701928985942	301.0	301.0	301.0	176.2906784804363	195.50910975586336	301.0	301.0
root_height_comparison2pop1	700	1.0000086082683746	3010.0	301.0	301.0	261.8659163042872	301.0	301.0	301.0	301.0	220.43621070827388	301.0	225.50374103857598
pop_size_comparison2pop1	700	0.9996439845787252	3010.0	179.95728272049396	301.0	301.0	301.0	301.0	211.79213766085903	283.40847259227945	154.82795951309245	301.0	274.44904107875107
pop_size_comparison2pop2	700	1.0039472984441706	2656.496628394469	270.5693007357967	285.9064392377067	301.0	268.53146656317125	167.19690185784287	301.0	301.0	301.0	301.0	301.0
pop_size_root_comparison2pop1	700	1.0016607728393714	3010.0	268.96547820012137	262.94830215049933	294.20217084412	301.0	284.1079621234752	266.4120036876904	301.0	180.04456537939197	301.0	300.8817920727437
ln_likelihood_comparison3pop1	700	0.9988259228181111	3010.0	301.0	301.0	301.0	206.63981993564212	301.0	289.6380452760952	295.52785592171136	220.399247667528	274.00995831231927	301.0
root_height_comparison3pop1	700	0.9995313968653334	3010.0	209.95937259323907	220.9109116146652	301.0	301.0	201.6180069704909	301.0	293.052099745723	276.64357197266605	301.0	301.0
pop_size_comparison3pop1	700	0.9996616756496983	3010.0	249.78607858784315	301.0	301.0	189.6081919878479	245.64349554197452	301.0	301.0	301.0	282.55119321580923	259.938118464503
pop_size_comparison3pop2	700	1.0008737479578105	3010.0	301.0	205.29245398965787	301.0	301.0	288.9442066469563	301.0	138.01984521289324	222.94882235748958	301.0	208.7216060120437
pop_size_root_comparison3pop1	700	1.000475731581906	3010.0	288.5050063095747	301.0	228.40137340525735	301.0	301.0	297.74979217777474	301.0	301.0	201.51120525892662	301.0
ln_likelihood_comparison7pop1	700	0.99908030546709	3010.0	239.35456363022968	301.0	301.0	300.93015029529545	301.0	273.4053272526626	301.0	172.8389794655766	257.25149172972175	301.0
root_height_comparison7pop1	700	1.0002140609396164	3010.0	301.0	191.0113804177064	270.21392872310037	301.0	285.44428934735015	285.2128470654321	223.8332091423024	221.9871655949124	301.0	301.0
pop_size_comparison7pop1	700	0.9995849139499072	3010.0	232.9977289400345	301.0	301.0	218.8340480123767	301.0	226.63368171939976	301.0	281.5885644212426	212.28215061541795	301.0
pop_size_comparison7pop2	700	1.000582546689427	2808.999343026251	242.11889768942453	277.6679690145677	205.93228417986873	301.0	253.8655940852203	301.0	209.23409109079	301.0	301.0	301.0
pop_size_root_comparison7pop1	700	0.9998971951275388	3010.0	252.11796668810788	301.0	271.2155335051627	301.0	301.0	301.0	301.0	257.93357586478606	165.97266327992148	301.0
ln_likelihood_comparison8pop1	700	1.0013742547917122	2456.92668841616	213.57463303898078	257.0717031792673	232.11779478937385	301.0	301.0	301.0	265.72863840384827	301.0	301.0	301.0
root_height_comparison8pop1	700	0.9993761367099864	3010.0	186.29456499294054	240.69739241990564	255.48868699277295	301.0	301.0	264.7778238883506	256.78758742933627	301.0	290.17777738867886	301.0
pop_size_comparison8pop1	700	1.0000322733185767	3010.0	240.68470336171117	301.0	301.0	301.0	301.0	301.0	218.8240081670197	301.0	301.0	301.0
pop_size_comparison8pop2	700	1.0005476700571347	3010.0	301.0	301.0	301.0	279.76754428014146	281.07037274578926	248.1983241393495	264.04663325739875	301.0	300.4170258491673	301.0
pop_size_root_comparison8pop1	700	0.9999889657317099	3010.0	196.7914798451011	170.23801784677661	301.0	154.47522987349743	301.0	286.8664152191506	242.92207718960236	301.0	301.0	301.0
ln_likelihood_comparison10pop1	700	0.9997485927332405	3010.0	301.0	182.7160781327525	253.71647595793632	301.0	301.0	163.68135961113447	241.6944187189263	301.0	149.55736664204716	301.0
root_height_comparison10pop1	700	0.9996204938938481	3006.4222360222443	301.0	301.0	225.59205643920814	301.0	301.0	301.0	245.19904375379673	301.0	177.9280239401415	301.0
pop_size_comparison10pop1	700	1.0002453801700473	3010.0	273.94717389310324	301.0	301.0	301.0	301.0	290.2191837887614	301.0	301.0	301.0	301.0
pop_size_comparison10pop2	700	0.9998833033541623	2973.4923956705657	179.46279655486168	288.5052650966524	196.0199713474152	301.0	244.88820568210522	301.0	301.0	301.0	276.66780518086375	154.1043846897898
pop_size_root_comparison10pop1	700	0.9996267008425654	3010.0	234.6563640572597	301.0	211.06277853186893	301.0	301.0	301.0	301.0	301.0	301.0	174.8368073109871
ln_likelihood_comparison11pop1	700	1.0002802592376643	3010.0	301.0	301.0	301.0	251.41414730947622	301.0	301.0	301.0	301.0	301.0	208.07261165204696
root_height_comparison11pop1	700	1.00063483864069	2253.7816225050533	209.62937629688943	234.32330858429393	232.14449417295916	301.0	301.0	228.75148963624363	234.48229072189505	230.0518340941337	222.3213964063047	139.7364924420244
pop_size_comparison11pop1	700	0.9999969299144152	3010.0	301.0	301.0	301.0	301.0	301.0	301.0	301.0	277.33914606384684	301.0	222.12244215351944
pop_size_comparison11pop2	700	1.0007538394560984	1949.8389856614465	155.25648628831098	234.94254721705673	273.62823089292715	301.0	301.0	232.35206239298947	248.48507007785136	301.0	158.06542621770188	138.64784143720343
pop_size_root_comparison11pop1	700	0.9999305065160304	3010.0	301.0	301.0	301.0	176.07562889068663	301.0	279.18445970042654	284.58330278075323	301.0	301.0	251.71804213815471
ln_likelihood	800	1.0003028870512725	2010.0	201.0	180.4359459675179	201.0	201.0	201.0	201.0	201.0	201.0	201.0	201.0
concentration	800	1.0004588877870049	1903.754965400765	182.85340264148414	201.0	201.0	195.0205508796103	162.04583680865204	201.0	193.30121227642206	144.0716054160555	91.03726740685671	128.31172807756175
ln_likelihood_comparison2pop1	800	1.000552473470028	1931.9696631203774	201.0	122.76657362444725	143.11940142752374	201.0	201.0	170.1993500719294	177.0545962008945	179.52182028185683	201.0	201.0
root_height_comparison2pop1	800	0.9990374387502216	2010.0	173.01455906599236	184.7798371263354	161.36488073349508	201.0	201.0	201.0	162.5837985050232	142.2409039963494	201.0	118.95960789606544
pop_size_comparison2pop1	800	0.9984489620682448	2010.0	153.1118235924361	201.0	201.0	201.0	201.0	171.92588200785335	201.0	126.76577929274784	201.0	201.0
pop_size_comparison2pop2	800	1.00432284200028	1489.5219381903905	201.0	201.0	179.06313058135459	150.62738736133585	119.87957874797632	201.0	175.50182438421956	201.0	201.0	201.0
pop_size_root_comparison2pop1	800	1.0015360550994878	2010.0	189.66228252626493	179.7609912558642	201.0	201.0	177.7209820935763	201.0	201.0	185.40349760237305	201.0	201.0
ln_likelihood_comparison3pop1	800	0.9982234893640836	2010.0	201.0	181.47616488522542	193.99436302253437	84.9308350891709	201.0	153.71413726583597	201.0	114.31032418183706	201.0	189.44307647333457
root_height_comparison3pop1	800	0.999060497145437	2010.0	140.42252227508212	201.0	201.0	146.90738920848938	171.29022768130585	201.0	199.56798038877847	153.24930921159438	201.0	201.0
pop_size_comparison3pop1	800	0.9985066198492462	2010.0	201.0	166.31542240583525	201.0	74.48458571845013	111.7437812203393	201.0	201.0	201.0	201.0	175.87662649360243
pop_size_comparison3pop2	800	1.0007893291255223	2010.0	201.0	201.0	201.0	201.0	200.9714094966434	176.69741474483658	146.5226987370107	201.0	185.27202179473943	159.74367050654246
pop_size_root_comparison3pop1	800	0.9999672280862465	2010.0	201.0	196.6016831997519	201.0	201.0	201.0	201.0	201.0	136.9239467074925	130.79874165715017	201.0
ln_likelihood_comparison7pop1	800	0.9987673467175181	1867.3069628933263	201.0	201.0	201.0	125.75820258677157	196.64119555678226	144.31088170760137	201.0	176.17450416253658	201.0	201.0
root_height_comparison7pop1	800	1.0009481658690202	1708.6009948827957	201.0	166.8918656045248	201.0	177.32217293115463	201.0	201.0	152.93849077994525	201.0	201.0	201.0
pop_size_comparison7pop1	800	1.000008408589511	2010.0	179.3165448513982	160.33945662902363	201.0	116.08172307351757	126.9254782777717	201.0	201.0	201.0	174.3887266919665	201.0
pop_size_comparison7pop2	800	1.000636773219022	1331.9417910919196	104.7783923810941	147.7721148695457	128.31253434026078	201.0	201.0	201.0	201.0	201.0	201.0	201.0
pop_size_root_comparison7pop1	800	1.0007344990885265	1971.7734013307008	130.12316280821162	158.28282797950155	201.0	124.66299890367067	116.60672384904436	201.0	201.0	113.6134280639804	145.76244359338702	201.0
ln_likelihood_comparison8pop1	800	1.0006410688553944	2010.0	156.2698600250435	201.0	201.0	163.71662178088633	144.04074409463834	201.0	191.79240402976234	164.89445648436708	201.0	170.16182613658177
root_height_comparison8pop1	800	1.0000691998801392	2010.0	120.75513138132061	118.92410187566868	184.12704517536187	201.0	201.0	166.5818669492048	201.0	201.0	201.0	201.0
pop_size_comparison8pop1	800	0.9998635064682542	2010.0	201.0	143.16765171922893	201.0	201.0	201.0	201.0	201.0	201.0	201.0	201.0
pop_size_comparison8pop2	800	1.0013037711922523	2010.0	152.9235163414216	155.4595463354185	201.0	201.0	201.0	201.0	151.6249975203379	201.0	201.0	201.0
pop_size_root_comparison8pop1	800	0.9999100047437404	2010.0	201.0	175.8243449588848	201.0	125.75550032020445	201.0	201.0	201.0	201.0	167.4486696818503	186.3681262350154
ln_likelihood_comparison10pop1	800	0.9996922980774132	2010.0	201.0	116.05753024255445	187.8866526407846	166.83316034077555	195.729288614521	201.0	170.06331460841815	201.0	191.36634838691884	139.64832003544592
root_height_comparison10pop1	800	0.9986009155032594	1995.4635142240722	161.671478977603	201.0	119.50817726398061	201.0	165.73664451301394	201.0	125.38585129560303	201.0	103.47753037881596	201.0
pop_size_comparison10pop1	800	1.0003149462679175	2010.0	201.0	171.57626129853622	201.0	201.0	199.7412336878746	179.22698470014512	201.0	201.0	199.67874222253542	185.79789268781815
pop_size_comparison10pop2	800	1.0002687169494437	1979.62983368532	182.1212273632627	201.0	201.0	201.0	123.13737570035158	201.0	201.0	123.76959593275205	201.0	136.86985216490282
pop_size_root_comparison10pop1	800	1.0005804489875507	2010.0	117.65044179106198	201.0	201.0	201.0	201.0	201.0	201.0	190.94822782383918	173.99680507744893	201.0
ln_likelihood_comparison11pop1	800	0.9992490772783591	2010.0	183.78477348581976	201.0	201.0	201.0	201.0	201.0	201.0	201.0	201.0	136.82396075703997
root_height_comparison11pop1	800	1.001202960093486	1569.9425841261484	191.7744061393799	201.0	181.678391362052	94.06413196980046	149.8184500256365	115.09905082200336	164.21067933330815	201.0	92.80765103842228	79.29989976159948
pop_size_comparison11pop1	800	0.9988673588361099	2010.0	179.42280974840864	201.0	201.0	201.0	201.0	176.788128392961	201.0	200.16683154146878	189.7137797288306	108.15415740587223
pop_size_comparison11pop2	800	1.0016713686909602	1394.7523802889236	124.0942327755552	201.0	201.0	102.10650824654147	139.59298375656925	171.16836404418996	156.86036330700733	201.0	68.3472503909351	81.69001253695748
pop_size_root_comparison11pop1	800	0.9995613242441375	2010.0	163.2013555881459	201.0	201.0	186.5871648500133	201.0	150.3582496345447	201.0	201.0	142.64154983332807	124.16447325449542
ln_likelihood	900	0.9978897246796118	1010.0	101.0	70.83035160073089	101.0	101.0	76.61352630163246	101.0	101.0	101.0	101.0	101.0
concentration	900	1.0024357331557885	719.3328821490039	101.0	101.0	78.4112445956788	74.98990942393701	78.08782309111005	101.0	89.87248670945374	37.634547799959414	63.79738778873155	75.00546173511913
ln_likelihood_comparison2pop1	900	1.000542527531833	952.7740243316122	101.0	90.80534869312015	101.0	101.0	70.92096250913126	101.0	98.74497534712913	101.0	101.0	95.9970865514309
root_height_comparison2pop1	900	1.0001474646825592	857.7342912776148	101.0	101.0	95.56505132106015	101.0	101.0	101.0	48.844511835813236	64.82956667070667	101.0	101.0
pop_size_comparison2pop1	900	0.9996395213584616	1010.0	101.0	101.0	101.0	101.0	97.46069687021946	101.0	70.15497475859608	81.56724072488628	101.0	101.0
pop_size_comparison2pop2	900	1.0060099962504658	944.7390784867291	96.03693763074074	101.0	101.0	101.0	63.814119252356846	96.33556123295546	101.0	101.0	101.0	94.96328963178756
pop_size_root_comparison2pop1	900	1.0007491636608663	1010.0	101.0	101.0	101.0	101.0	101.0	73.70914445250571	97.3406168588616	70.31595381268554	93.92189447945194	95.88580922662528
ln_likelihood_comparison3pop1	900	0.9991202455790673	1010.0	101.0	101.0	95.26001446739136	99.87510858908834	101.0	101.0	101.0	69.5013722938463	101.0	98.11066476840736
root_height_comparison3pop1	900	0.9987558496170592	812.9031623591713	101.0	101.0	101.0	52.363986428771696	50.891969961669005	76.8832670322711	99.60498972027207	101.0	101.0	101.0
pop_size_comparison3pop1	900	1.0037543577308754	679.4164645359369	84.36264010273429	82.31414955352555	101.0	53.31889488204699	67.61058107542985	101.0	101.0	101.0	101.0	78.3140053968912
pop_size_comparison3pop2	900	1.0029414925368736	807.1623547668515	92.45096572299903	101.0	101.0	101.0	101.0	71.17477319612597	44.787171627464446	56.10557273414728	82.68967432187775	101.0
pop_size_root_comparison3pop1	900	1.0003343544200507	929.5919078953842	101.0	91.78022233540868	101.0	101.0	101.0	76.30139132722927	101.0	80.66582064522387	92.28847786643867	96.29540013286187
ln_likelihood_comparison7pop1	900	0.9971296819412574	1010.0	101.0	83.94863182691144	101.0	90.3433343736405	101.0	75.96212591364045	66.85601143062937	87.35207703359254	82.88487759330593	101.0
root_height_comparison7pop1	900	0.9973324787980239	1010.0	101.0	101.0	66.60471256532524	60.97737790873953	88.66885118111445	101.0	101.0	61.805512318574536	101.0	101.0
pop_size_comparison7pop1	900	0.9991590721165401	1010.0	101.0	101.0	54.548002192036684	74.50966169300239	83.19561774032327	101.0	101.0	101.0	92.43957673396534	68.59145080201188
pop_size_comparison7pop2	900	1.0013637136462716	941.4909690299488	101.0	101.0	67.206320275517	75.7277770000248	101.0	74.98425801840155	101.0	101.0	77.90600220402611	101.0
pop_size_root_comparison7pop1	900	0.9987659965784341	1010.0	101.0	82.78491394154486	101.0	101.0	101.0	101.0	101.0	96.3950388569289	88.58050432659122	76.10446207307606
ln_likelihood_comparison8pop1	900	0.9982301032928137	1010.0	101.0	101.0	73.66149126778004	101.0	85.70976845277681	101.0	101.0	101.0	101.0	88.32971807887874
root_height_comparison8pop1	900	1.0014897463247285	848.0203790644397	101.0	101.0	99.1116656854023	101.0	101.0	68.81617358806277	101.0	101.0	101.0	101.0
pop_size_comparison8pop1	900	0.9972849721785284	1010.0	93.94173469024402	50.60682514260769	101.0	101.0	101.0	101.0	68.69957868454149	101.0	101.0	101.0
pop_size_comparison8pop2	900	1.0024317933254638	1010.0	101.0	42.83261715382443	101.0	101.0	101.0	78.5989474105326	58.0320070598912	101.0	101.0	101.0
pop_size_root_comparison8pop1	900	0.9982016462179751	1010.0	101.0	97.13751910329555	101.0	89.86566269277552	101.0	101.0	101.0	99.85554906331146	101.0	87.20108137034956
ln_likelihood_comparison10pop1	900	0.997840750751447	1010.0	49.30145269500036	53.327187731352346	101.0	52.499076777164525	101.0	42.077237704815936	58.46095737062156	101.0	101.0	101.0
root_height_comparison10pop1	900	0.9979497495079177	1010.0	57.71598242410129	101.0	101.0	101.0	99.34891026075766	101.0	64.13101794583532	101.0	101.0	101.0
pop_size_comparison10pop1	900	0.999941585543822	1010.0	101.0	101.0	101.0	80.53297188985455	101.0	101.0	101.0	101.0	101.0	62.39169272714087
pop_size_comparison10pop2	900	0.9979597065739603	1010.0	101.0	101.0	101.0	99.60831220824528	88.99184644655521	101.0	101.0	101.0	101.0	101.0
pop_size_root_comparison10pop1	900	0.9983845984052919	1010.0	101.0	101.0	101.0	65.68493610393922	101.0	101.0	101.0	101.0	101.0	101.0
ln_likelihood_comparison11pop1	900	0.9971462934849303	1010.0	78.55732270327287	101.0	101.0	101.0	101.0	101.0	54.29094484522136	101.0	101.0	66.01250783837371
root_height_comparison11pop1	900	0.9998017155030406	1010.0	101.0	101.0	89.00586463500566	58.152208473667734	101.0	50.24794780146142	87.6977429860193	59.04759792679698	101.0	101.0
pop_size_comparison11pop1	900	0.9984281114333537	1010.0	57.26513745845232	90.8646212247789	101.0	101.0	101.0	101.0	70.25124375904554	74.55777757344497	101.0	91.98069190045481
pop_size_comparison11pop2	900	0.9993988660932022	982.4526322470745	62.61006616243395	101.0	85.74728160883089	64.5101045661355	101.0	93.83219722169979	101.0	101.0	60.963223347461565	101.0
pop_size_root_comparison11pop1	900	0.9984091899886373	1010.0	63.447957382705724	101.0	101.0	101.0	101.0	101.0	66.98516329226483	101.0	89.02612882553703	61.335159955857485
