parameter	burnin	psrf	ess_concat	ess_0	ess_1	ess_2	ess_3	ess_4	ess_5	ess_6	ess_7	ess_8	ess_9
ln_likelihood	1	0.9997260767917014	5194.490399487306	424.7733405811887	450.0273700302316	440.2352963424681	478.30914297159836	673.5943384210979	466.9355834327782	412.0804615957935	372.3644906915126	610.588301519848	457.1824117592622
concentration	1	1.001016395678516	7428.793915487893	950.5244628751861	796.0300117335695	661.5288145245539	599.3522252763375	722.1339991013389	606.3227556004874	661.557750673536	949.7124704013765	550.5175278675588	1000.0
ln_likelihood_comparison2pop1	1	1.0006278550434387	7263.243375927123	419.61051146386677	1000.0	941.530536542717	756.896399258294	1000.0	959.0578188451401	934.8685141994777	579.5865834025361	985.219668766328	1000.0
root_height_comparison2pop1	1	1.0000352154038528	10000.0	1000.0	1000.0	1000.0	1000.0	829.27196947478	1000.0	1000.0	703.4652160862989	1000.0	1000.0
pop_size_comparison2pop1	1	1.0007025635844247	8215.262959961066	591.7091134475676	630.031350549981	1000.0	1000.0	766.7340730072419	925.7419235980334	1000.0	798.425888474526	1000.0	1000.0
pop_size_comparison2pop2	1	0.9999258178508288	9072.070220978334	657.1602031404822	653.2226279058024	1000.0	1000.0	638.5539774533048	703.6089029208408	1000.0	957.5733414775541	1000.0	568.5908800733971
pop_size_root_comparison2pop1	1	1.0000875259353479	8613.645579257554	641.682948177013	834.8482608747332	1000.0	1000.0	646.0880429129284	1000.0	1000.0	1000.0	1000.0	547.6747991146777
ln_likelihood_comparison4pop2	1	0.9999514680907908	10000.0	708.9845356925451	939.7256928891948	782.9257228910286	503.48046098176974	951.3768577862195	838.7764609686636	1000.0	872.4875373025833	599.0410758776314	744.1257038761285
root_height_comparison4pop2	1	1.000165103301595	6207.227580394116	848.939921099224	1000.0	864.7011224507395	698.1787100581557	713.0009902483727	699.2508367566812	1000.0	866.9912718569211	830.8193363040278	776.7227134105108
pop_size_comparison4pop2	1	0.9998627225067213	10000.0	1000.0	793.7537294560219	739.7620181436079	518.342501775235	952.8402616802274	965.744542538658	1000.0	1000.0	764.9468609650097	804.2538316205993
pop_size_comparison4pop1	1	0.9996939667785225	8502.714127241818	734.4526430897412	736.3080501319935	1000.0	559.8242745987419	573.8695063804727	890.6141479606403	1000.0	641.0684525260205	1000.0	1000.0
pop_size_root_comparison4pop2	1	0.9999216331155252	10000.0	1000.0	750.509035969783	899.8781208726438	691.231244387871	1000.0	817.8327979704812	1000.0	820.223334617645	802.1943377397821	1000.0
ln_likelihood_comparison7pop2	1	1.0002376567582152	5063.632527742982	753.1372611314519	626.9019921149882	433.957466811902	897.5138148572288	758.855236985062	527.3920973081332	637.4441469530834	1000.0	1000.0	787.6640890191221
root_height_comparison7pop2	1	1.0004060307917304	10000.0	1000.0	1000.0	1000.0	1000.0	1000.0	1000.0	760.1820179114737	951.0578088518779	1000.0	1000.0
pop_size_comparison7pop2	1	0.9998534193360892	10000.0	1000.0	1000.0	1000.0	1000.0	1000.0	1000.0	720.0527495966763	1000.0	1000.0	1000.0
pop_size_comparison7pop1	1	1.0003888000834917	9282.496780123724	1000.0	724.3030904200053	596.1017698778933	1000.0	733.1907448807472	693.9076860620211	1000.0	1000.0	1000.0	1000.0
pop_size_root_comparison7pop2	1	1.000041040703014	8111.650783331156	1000.0	685.4004542228344	514.2345228729881	1000.0	1000.0	849.7527533674955	720.4292754171597	836.3927686910693	1000.0	1000.0
ln_likelihood_comparison8pop1	1	1.0004616069367465	5205.1500188469345	717.992891213359	972.8142799140929	1000.0	674.1372045625011	824.6903710155059	232.21263774433598	531.1269355864989	1000.0	772.5993344733271	668.8997190770957
root_height_comparison8pop1	1	1.0000210029178713	10000.0	1000.0	1000.0	730.6124264241195	1000.0	901.5878386914043	871.5006158381628	997.114170260637	875.4960574620875	1000.0	935.1411897725404
pop_size_comparison8pop1	1	0.9999568656244319	7444.295929378605	761.0592192701893	1000.0	1000.0	849.2352739813712	1000.0	377.74495768231094	630.03354388115	1000.0	941.2203701623627	745.7623273082563
pop_size_comparison8pop2	1	1.0000829710021455	6304.726774900621	1000.0	561.8302606663477	1000.0	676.104670001976	605.7450620304464	228.32231617870346	630.1740024030737	1000.0	1000.0	551.3610533021318
pop_size_root_comparison8pop1	1	0.9999632035664423	6008.375295824162	1000.0	928.9147278352679	1000.0	859.3027230142368	843.1262328069396	237.5319229233219	680.614397914436	965.3956003994404	743.0247183289267	583.2189179909024
ln_likelihood_comparison9pop2	1	1.000793194336776	4079.9241045496533	897.750108310245	727.4226436710818	910.5235116263011	612.573280102092	934.3430165523735	1000.0	343.22841556040464	1000.0	1000.0	469.4483536295777
root_height_comparison9pop2	1	1.00057744482661	7201.709914547061	665.1468005998796	1000.0	667.180063399314	723.8056475687599	1000.0	897.0784291426281	854.6703753117393	897.3326994864237	790.6278409397944	988.64259605453
pop_size_comparison9pop2	1	1.0002886003573943	6426.015398577261	1000.0	758.3268915925821	686.9105335664103	821.0338059546406	1000.0	729.3526769837689	596.5898614199951	580.6318603287635	985.3051711249209	787.3524171201462
pop_size_comparison9pop1	1	1.000167236105095	9606.450177575229	805.3257662471023	750.9226079753709	668.2102478957135	918.093011075331	729.7986834720316	737.4137267600706	540.7538949653681	1000.0	904.4199408457279	645.7457460991349
pop_size_root_comparison9pop2	1	0.9996315624931393	10000.0	911.6957659555994	956.7505686531018	1000.0	683.0523921979988	928.1060934392059	1000.0	600.6331941069506	1000.0	853.7082670631678	691.9918695123645
ln_likelihood_comparison11pop2	1	1.0006134343173694	5122.269361777613	742.658931158671	555.7365575928336	541.5461121912908	345.9886378726942	914.9703910192605	832.7034932157325	1000.0	907.1228740338063	724.049461918458	558.9804929182657
root_height_comparison11pop2	1	0.9996403455888894	8949.904680807038	717.5115930732935	659.8778901262752	943.0053095541393	988.9475182159266	1000.0	672.059318236531	969.9877740984884	974.103317059807	694.926973607696	1000.0
pop_size_comparison11pop2	1	0.9996832288201336	10000.0	1000.0	887.5989825289209	879.4400184267124	900.9652224093898	835.4077816487173	858.8629692073006	1000.0	1000.0	895.061717682143	1000.0
pop_size_comparison11pop1	1	1.0001108427332197	9449.617058051397	970.463922168393	823.7074863145917	887.8988558244201	1000.0	898.2292781823119	1000.0	1000.0	547.2238929336141	1000.0	1000.0
pop_size_root_comparison11pop2	1	0.99965742628646	10000.0	906.789649065115	822.6002751971372	714.545092612712	973.411835651859	822.4039877478779	1000.0	964.495696764578	588.9743326930829	979.956791655395	1000.0
ln_likelihood_comparison17pop1	1	1.000102964350895	5283.985619638613	518.2410128172771	1000.0	844.4307473364966	913.2937643665346	890.8267444900735	749.8646314357021	937.0655602856249	1000.0	415.3126154304177	791.1055289593335
root_height_comparison17pop1	1	1.0003303335669032	7787.827787628624	766.6150341784596	674.4931786119826	1000.0	711.187313881024	777.2130411750819	811.7508464546084	866.8938600644416	1000.0	1000.0	890.4306052209323
pop_size_comparison17pop1	1	1.0004414354056155	6666.1508806173915	653.6968772182497	680.2541145382909	656.4926902777869	671.2512861322377	560.1571651500575	464.5005974168724	984.4501391811991	658.0520570981	519.2244466578571	422.2984658572193
pop_size_comparison17pop2	1	1.000961156960344	6210.198451571691	588.2735635548134	880.8907067303076	744.1195625226879	527.9439367598445	438.74193538104527	480.7400975724222	832.9886844615164	622.2664976806424	594.6685118738313	413.9266978421323
pop_size_root_comparison17pop1	1	0.9999533777388886	9278.86412256731	662.5439027823187	1000.0	893.6354857298785	880.6430199404105	1000.0	1000.0	1000.0	1000.0	417.86538852803824	957.7201123878099
ln_likelihood_comparison19pop2	1	1.0008347350307145	3193.1576305272	1000.0	403.35959290550375	659.976517417064	1000.0	767.0423560447432	1000.0	1000.0	231.9909338936281	1000.0	860.1444127323099
root_height_comparison19pop2	1	1.0000775826662855	10000.0	927.0718909979847	695.2490059786614	949.9692482883656	620.6095960290517	915.6190527861988	1000.0	941.1430861308415	1000.0	720.1497144605518	1000.0
pop_size_comparison19pop2	1	1.0001315753549722	7869.0389739639595	449.4623713446712	1000.0	1000.0	932.582546206816	987.3358027906095	1000.0	695.4159158464006	707.3797347904912	571.1884504567988	532.209913277401
pop_size_comparison19pop1	1	0.9999807375057992	8065.176292697584	400.75396472203767	663.1605698281694	791.1036114811745	892.7759623300559	724.112265445144	861.5742262084127	826.997705345718	839.3095580967095	658.0289318953952	698.5545726858846
pop_size_root_comparison19pop2	1	0.9999412804678812	9283.84737102361	716.3124522630665	1000.0	1000.0	911.3246408438979	1000.0	1000.0	818.1813359226645	471.3000405691814	1000.0	1000.0
ln_likelihood_comparison21pop2	1	0.9998059793689499	5503.657380632608	415.292163280843	454.0165644159378	745.4000133592118	686.9384622173712	631.113448615976	1000.0	452.1955214859975	878.6129333570607	726.9180207025643	427.3539710047291
root_height_comparison21pop2	1	0.9999102259470425	10000.0	1000.0	1000.0	731.0530545810585	1000.0	1000.0	1000.0	816.9781895863143	1000.0	858.8303665988263	1000.0
pop_size_comparison21pop2	1	1.0000490394436565	9797.161575616556	777.5085668334424	776.9658151193947	765.4468246765804	1000.0	866.5791428117617	1000.0	938.0432672752323	937.7874243311145	669.7140788254006	815.1563907679575
pop_size_comparison21pop1	1	1.0001925853452578	10000.0	1000.0	1000.0	679.6211358520675	1000.0	742.3892510101134	1000.0	773.5513379523305	941.6258603455263	1000.0	1000.0
pop_size_root_comparison21pop2	1	0.9999337849537699	9126.913097589995	636.3327477280269	960.347428325564	884.5569098781693	1000.0	602.742014503499	1000.0	763.311506292078	993.010424024868	679.6337443121669	989.2026770076495
ln_likelihood	100	1.000131331005136	8377.83046120044	901.0	873.6813577657888	814.65046955154	839.5125568845068	875.4708376034687	901.0	833.4406557182996	901.0	795.8552649173001	843.6661084472827
concentration	100	1.000790117592104	7049.904382289109	792.9815085606107	549.9517585506753	613.9522603264214	673.2048455600709	901.0	543.852184465338	560.2944323849568	846.5470338326642	577.3852586586994	901.0
ln_likelihood_comparison2pop1	100	1.0001335910784597	7482.242962441541	655.6554748726222	901.0	604.5634129706165	605.1953830656738	901.0	901.0	693.2515834558302	901.0	901.0	901.0
root_height_comparison2pop1	100	0.9999353408377671	9010.0	901.0	901.0	901.0	736.116305926694	901.0	789.7509488553108	815.8410023831485	634.576719047844	901.0	901.0
pop_size_comparison2pop1	100	1.0008197900605322	6752.899702097678	678.069579471835	510.8275802750661	898.5091520708464	839.0887224901469	596.3297421374417	810.5718234296195	872.5098450971639	809.6508892736844	901.0	773.6926146307969
pop_size_comparison2pop2	100	0.9998837602946226	7010.252386689138	768.5404995565224	569.5659320585748	886.9218184252159	901.0	626.0158430700484	601.7193482303095	901.0	901.0	836.320338687669	575.7329801353119
pop_size_root_comparison2pop1	100	1.0001159840565585	7460.5917234287435	726.1118774498491	654.091323663195	901.0	901.0	611.2984918294217	901.0	901.0	901.0	901.0	488.23610275346465
ln_likelihood_comparison4pop2	100	0.9999230192503121	7480.539960208797	901.0	901.0	627.1702274146039	809.2955779910166	901.0	746.5941552739016	873.6026605999648	901.0	790.9118829599178	653.3811643985892
root_height_comparison4pop2	100	1.0000379035570979	5759.304994475657	786.3093491364712	811.9431705366394	901.0	598.9155007685213	633.7159636392402	650.2733766256214	901.0	901.0	733.1109580866002	816.2188676048462
pop_size_comparison4pop2	100	0.9997652625976888	9010.0	901.0	640.9106936767557	494.1538877473384	624.2671975586659	660.8344813993758	824.8700245852523	901.0	901.0	901.0	752.9791622351487
pop_size_comparison4pop1	100	0.9997864532899162	8780.969150216904	597.8452131205496	834.7385321473207	901.0	594.0257302898913	901.0	901.0	901.0	562.2247846517022	898.7982000830173	901.0
pop_size_root_comparison4pop2	100	0.9996631425995053	9010.0	901.0	648.4587892389576	534.4045385824088	721.0637611320547	732.2217663965731	848.4013776878543	901.0	771.7489215858237	752.7998600689027	901.0
ln_likelihood_comparison7pop2	100	0.9997933307228432	9010.0	829.0487505101897	901.0	901.0	901.0	821.1904523983503	901.0	746.1916419337557	901.0	901.0	901.0
root_height_comparison7pop2	100	1.0004407722731659	9010.0	553.2502978390737	901.0	901.0	901.0	901.0	901.0	586.114818456768	762.4119131737598	901.0	901.0
pop_size_comparison7pop2	100	0.9998868602471345	9010.0	901.0	901.0	901.0	901.0	901.0	901.0	901.0	901.0	789.2360713297037	901.0
pop_size_comparison7pop1	100	1.0000910003448744	7980.60102581062	901.0	699.4761419746675	901.0	901.0	597.5754996960851	877.3349875555357	901.0	901.0	878.118742137589	901.0
pop_size_root_comparison7pop2	100	0.9999852946294783	8636.333966469005	901.0	695.0082719590039	775.8039364996803	901.0	853.143524133233	901.0	800.0050070332411	854.8997948179566	778.2853354149636	901.0
ln_likelihood_comparison8pop1	100	0.9998106269981527	7272.7397013435275	901.0	901.0	901.0	639.0850099238066	706.5183086134864	431.8212466122698	887.8923776904503	901.0	679.8042804507945	837.7577708094659
root_height_comparison8pop1	100	0.9999065385959562	9010.0	901.0	901.0	685.725683124218	796.9196761086143	901.0	901.0	656.1940536680838	592.7499871286396	901.0	678.1543929069876
pop_size_comparison8pop1	100	1.0000447272629318	8644.291585732044	901.0	901.0	901.0	799.7496128632114	901.0	736.2998777855568	895.8692530085417	773.8953806102883	723.588783463495	660.7028247119686
pop_size_comparison8pop2	100	0.9998604137316832	7383.829253838056	901.0	692.3355188289497	881.5218537695632	753.5982888143294	546.2502932658721	901.0	719.2768648602035	901.0	716.3406028513082	515.7950156212484
pop_size_root_comparison8pop1	100	0.9997575620082677	7784.7938844553	901.0	901.0	756.6450373961675	901.0	727.6150560642435	801.0689415945402	812.0672307027421	901.0	693.0722577086239	703.66174481857
ln_likelihood_comparison9pop2	100	1.0000496874252203	8238.78243691568	849.2962563785044	713.6909994949186	844.3969038083359	901.0	775.8723043655457	664.5616475964903	901.0	901.0	901.0	901.0
root_height_comparison9pop2	100	1.0010054142676488	5828.508463933877	610.796357127777	901.0	650.6940591367455	720.0405005674481	901.0	862.3719881646283	901.0	796.9710789509433	901.0	835.9520121028492
pop_size_comparison9pop2	100	1.0006214543310552	5751.699676708102	606.5624672723703	592.3586284241358	648.3472843851282	797.2975164406212	868.5939553507872	560.4155553530153	857.2940201983978	524.8635123347408	879.351974788536	673.163599712092
pop_size_comparison9pop1	100	0.9999453150790673	7128.354863774831	832.6016429781583	618.7693890820703	901.0	901.0	711.1702006436649	573.0292579314955	776.3881767549805	901.0	901.0	623.1301727430715
pop_size_root_comparison9pop2	100	0.9996031556947657	9010.0	763.6118186982806	670.4622179361885	901.0	790.8943239058498	901.0	796.1585406471957	901.0	889.3795788439073	858.8784860507295	901.0
ln_likelihood_comparison11pop2	100	1.0001132578415837	8049.683026718408	720.2808497095762	890.4228978828079	901.0	901.0	901.0	786.1796558603093	901.0	501.36450481736665	631.4451121786124	840.7908924722486
root_height_comparison11pop2	100	0.9996958603896327	7686.556561288618	668.3495414178785	703.3004882972275	723.5280574246148	901.0	901.0	670.9377301367833	718.0912809454688	901.0	601.3322953142787	901.0
pop_size_comparison11pop2	100	0.9996606911877594	9010.0	901.0	901.0	697.4567154467145	862.9695490915345	880.2879121870956	740.3502629758831	901.0	901.0	766.722559064068	901.0
pop_size_comparison11pop1	100	0.9999433968068497	9010.0	901.0	830.4514983834111	848.1511353198541	901.0	901.0	901.0	901.0	489.47953637867494	880.8205339094703	901.0
pop_size_root_comparison11pop2	100	0.9995959654879103	9010.0	856.6205299087627	901.0	901.0	901.0	857.6323878024715	901.0	901.0	489.4800440210937	844.0461922649993	901.0
ln_likelihood_comparison17pop1	100	1.0001979791776159	8069.236337821888	901.0	901.0	780.317304817567	557.5632845269845	728.9673337311558	625.6790517710353	901.0	897.8692207127316	764.5389637615949	898.8127658201896
root_height_comparison17pop1	100	1.0006938859596923	6431.616775307467	901.0	546.0925342970396	774.6463559516751	531.533746042557	515.6267266886292	791.0101145437466	761.4260823890207	709.8958713316063	901.0	565.447639095223
pop_size_comparison17pop1	100	1.0005347853653734	5704.378513429803	634.0784114023777	582.1163372266589	746.9164823198873	599.3433310493577	551.4317868712883	449.68489266559305	901.0	583.5920036924293	483.547928944063	440.9357957189615
pop_size_comparison17pop2	100	1.0009495952510818	5376.123459462845	567.7284931878027	528.7591887618468	699.265921565055	477.5431523304576	429.66541500619695	400.68852211552434	773.9973880861362	675.1371865875293	634.2243972874356	454.11399132459854
pop_size_root_comparison17pop1	100	1.0000906786244965	8905.014808292659	901.0	901.0	757.9930132608716	578.150996248482	901.0	766.0822270956511	901.0	901.0	709.0613381462767	789.0526368722269
ln_likelihood_comparison19pop2	100	0.99982170689557	9010.0	901.0	901.0	901.0	882.3041653862269	901.0	743.6631439448728	901.0	901.0	901.0	890.4868724931318
root_height_comparison19pop2	100	1.0002457569814547	8784.680123062857	901.0	774.5048082180668	901.0	562.0867396590447	794.5016031427632	790.2074591145988	869.1062449075246	789.519684455405	901.0	878.6832294731098
pop_size_comparison19pop2	100	1.0000823495508986	6774.355791388736	547.5590372142724	901.0	901.0	530.2945453456651	901.0	738.1407029990543	687.0796675949476	807.8528764709554	604.0939124169482	504.7742512310243
pop_size_comparison19pop1	100	0.9997258830927379	7987.389808820927	383.88465802211823	901.0	851.2962092700661	675.1904826939398	901.0	704.740218702014	614.3366376135052	882.7790150355286	695.0938965099855	547.5381879744278
pop_size_root_comparison19pop2	100	0.9999689054172307	8839.796492439707	842.7248949995726	901.0	901.0	719.9547978035765	901.0	901.0	901.0	901.0	901.0	901.0
ln_likelihood_comparison21pop2	100	1.0000937398570757	9010.0	901.0	676.8538157128542	901.0	901.0	901.0	830.4547616286515	678.9297642086476	878.0826217970236	645.7448718898163	706.7420143187471
root_height_comparison21pop2	100	1.0000100534878293	8673.569340516875	896.2892800794883	901.0	647.7116164595748	901.0	901.0	901.0	617.3891787287077	901.0	901.0	901.0
pop_size_comparison21pop2	100	1.0000579856971896	8040.248740033023	871.2102770458242	692.9335874345641	744.5948664144313	846.566051209074	901.0	901.0	901.0	752.0570040090627	771.1456153979155	861.2766305875027
pop_size_comparison21pop1	100	1.000265880843284	9010.0	887.4074619208292	901.0	643.8540353220316	901.0	656.0803389423456	901.0	901.0	901.0	901.0	901.0
pop_size_root_comparison21pop2	100	0.9999080492459838	6814.227120941648	610.0061897771876	600.6499061291277	901.0	861.4672481747923	592.0612603336173	901.0	711.3204916421049	716.0644766907814	866.4731741085134	901.0
ln_likelihood	200	1.0005375187023995	8010.0	801.0	801.0	801.0	700.7521836056349	737.2118494510192	772.6549306164737	801.0	771.5600468794207	801.0	755.3444855924838
concentration	200	1.000622100266424	8010.0	661.3080850797447	642.7892699411661	583.7640533216319	566.6642788063052	688.5779545612601	516.6754080946266	351.2148209854475	801.0	387.49292374671853	614.8755925865935
ln_likelihood_comparison2pop1	200	1.0002424760288233	6712.058367229272	551.6053699748758	801.0	705.1977864024138	620.4623358069432	801.0	697.5284732721248	633.4475833950917	664.1480616847086	801.0	735.6298720175971
root_height_comparison2pop1	200	1.0000873114174391	8010.0	801.0	801.0	801.0	801.0	773.5185396754017	755.1619185878017	759.7727458787373	801.0	801.0	801.0
pop_size_comparison2pop1	200	1.0005099096086991	7085.056203754731	769.7655798884962	391.5318726126857	706.4058633052877	801.0	801.0	801.0	746.628265939969	643.4943657832749	801.0	801.0
pop_size_comparison2pop2	200	0.9997623946783337	5823.583558434806	587.1921029480067	601.2025929146571	801.0	797.0460349975731	565.6532761486447	639.682239366084	674.1648753810139	801.0	779.435843303068	511.5135697631384
pop_size_root_comparison2pop1	200	1.0001028470882314	6123.196277453444	717.4770204069874	661.4496565436668	801.0	801.0	620.3964825545286	786.9593839853418	780.640025989526	801.0	745.990686501995	515.013171696948
ln_likelihood_comparison4pop2	200	0.9998381711657864	7735.365058598357	801.0	801.0	496.13980285160744	664.903064652511	652.3412382498855	801.0	801.0	801.0	612.3554907841781	801.0
root_height_comparison4pop2	200	0.9999452168538157	5655.596631458461	801.0	801.0	801.0	515.3437640309404	527.697223117335	718.5618403532251	801.0	698.4129386381563	684.2473230889595	792.9220400502588
pop_size_comparison4pop2	200	0.9999193189076023	7768.9368555507945	801.0	528.7369241701638	409.1713914967048	532.0008145825749	558.6938247209871	801.0	801.0	747.2455760163845	706.7123203499204	801.0
pop_size_comparison4pop1	200	0.9998038522784319	6497.1869072532945	495.5922926487168	557.746567611373	706.983863638324	529.1307546169036	778.7937124969649	758.830480594367	801.0	504.2291869709796	777.3240159600273	801.0
pop_size_root_comparison4pop2	200	0.9997321061882462	8010.0	801.0	417.46335650042465	412.53477814166706	771.8895149396795	677.0495457656234	801.0	801.0	623.4234883592517	630.455736176044	801.0
ln_likelihood_comparison7pop2	200	0.9997384107865924	8010.0	719.4117171226619	672.3079313640371	801.0	801.0	658.369758426938	801.0	801.0	737.796835995326	801.0	651.8457108124671
root_height_comparison7pop2	200	1.0006527498709004	8010.0	505.6015517073819	604.6734078774251	801.0	801.0	801.0	801.0	801.0	610.409050629607	801.0	801.0
pop_size_comparison7pop2	200	1.0000097419686367	8010.0	689.7357970477	695.1198588593405	801.0	801.0	801.0	801.0	736.4076688108358	801.0	801.0	801.0
pop_size_comparison7pop1	200	1.000000098885452	8010.0	801.0	801.0	801.0	801.0	709.9011430230296	614.9392473628144	801.0	776.3753617726849	697.0173000021175	801.0
pop_size_root_comparison7pop2	200	1.0001818609128315	8010.0	737.5291822003616	643.4589820698626	784.5561200825848	794.6643230802158	702.6713223041479	801.0	696.5523557353811	718.9682557315894	801.0	745.6082434466811
ln_likelihood_comparison8pop1	200	1.0000028000829475	7299.713833396284	754.0122370481839	801.0	744.2606235658501	473.3260840178555	574.4949864285725	556.5010696202697	801.0	801.0	508.14666083813603	636.0974413337186
root_height_comparison8pop1	200	0.9995796880446034	8010.0	801.0	801.0	598.3654128548685	778.9366944456021	801.0	759.9298039298253	742.143755240928	568.0217077897387	801.0	645.5648234377367
pop_size_comparison8pop1	200	0.9999572339243986	7401.280953550785	801.0	801.0	801.0	641.2574027996759	801.0	769.5327066710993	567.1423000972713	801.0	624.7781863351851	755.4272983581611
pop_size_comparison8pop2	200	0.999992561453945	8010.0	801.0	628.7333283103662	707.5440526011313	655.6823088224951	526.564268560369	801.0	749.6033271205654	801.0	704.0279439248927	658.3491889689398
pop_size_root_comparison8pop1	200	0.9996695584503157	8010.0	801.0	801.0	801.0	801.0	801.0	801.0	801.0	801.0	602.7108302900382	753.9395443713843
ln_likelihood_comparison9pop2	200	0.9999577705874494	6843.247734731629	801.0	741.4089336219232	801.0	801.0	801.0	722.5962661061008	801.0	801.0	801.0	732.1558279091777
root_height_comparison9pop2	200	1.0006505413200955	5458.904322615687	572.4890916390461	770.4031237686338	645.5194629104662	589.3343978668612	747.8694627501416	763.0069828608566	801.0	801.0	620.6687053725782	698.9489657425239
pop_size_comparison9pop2	200	1.0003050960680246	5547.994500578028	733.1177351618682	729.1044351784024	661.378957857164	801.0	733.2239812162443	646.0706977394384	801.0	648.7242754371182	758.9360061042095	556.2831624934847
pop_size_comparison9pop1	200	1.0002100399422655	7437.070131095257	801.0	695.1707305271927	705.9658321068315	690.2784099250812	588.6187784029298	801.0	791.6727116242856	801.0	698.2485081600036	611.9063024060721
pop_size_root_comparison9pop2	200	0.9995585379677686	7955.69556842269	801.0	664.1696984673748	801.0	613.9617184133859	763.1706064973915	801.0	801.0	801.0	706.0376347794606	554.8013959509855
ln_likelihood_comparison11pop2	200	1.000078399044921	7411.099182832177	598.083023339052	801.0	801.0	801.0	801.0	550.8067233645836	801.0	659.323513563496	619.1740476312868	801.0
root_height_comparison11pop2	200	0.9997529475548314	6066.854493088719	499.65220264475175	643.2142589275481	770.922007382254	801.0	801.0	541.6859399689682	669.4112124522852	801.0	585.0686198207962	737.5766353801
pop_size_comparison11pop2	200	0.9996489071490411	8010.0	801.0	801.0	801.0	801.0	801.0	729.8223054915234	787.7770103613358	801.0	665.0663567659576	801.0
pop_size_comparison11pop1	200	1.000228822793566	8010.0	712.7552691438427	710.480455486732	711.6741211465883	789.4713760258943	801.0	606.1200236133715	801.0	505.78671838055055	801.0	801.0
pop_size_root_comparison11pop2	200	0.9996801555479692	8010.0	661.307108698929	562.4925736410642	715.6574452656365	704.8242511924636	767.9430651521029	801.0	801.0	502.0068348246846	593.1470505413614	801.0
ln_likelihood_comparison17pop1	200	1.0004474468923592	8010.0	569.0992765868783	801.0	726.6607124245712	638.5057214008685	801.0	686.5421085968993	801.0	801.0	801.0	784.5011327160163
root_height_comparison17pop1	200	1.0006247098943084	5659.08243123423	801.0	492.2618553199339	584.5381834167487	480.53839674322165	646.3270931278583	801.0	790.511824242764	707.3742587819701	801.0	541.7345424971262
pop_size_comparison17pop1	200	1.0006242004599026	5207.842163165534	576.1940120442433	350.0672417135991	660.4720205022438	406.05769001059826	390.7918653817946	508.8482989822738	801.0	398.6372860955434	629.4359400554948	387.165222234927
pop_size_comparison17pop2	200	1.0011688545672368	4691.656779030491	706.2911358034339	467.21974949304126	686.1795098202592	298.9852887871514	347.17898369996306	490.96783866793453	605.5091768882136	502.8410476551788	781.2948633119162	394.7590538270701
pop_size_root_comparison17pop1	200	1.0003544823747446	8010.0	668.7283837505703	801.0	723.6469688367113	542.1843801318605	801.0	800.9242755328054	801.0	801.0	801.0	767.9314658812882
ln_likelihood_comparison19pop2	200	0.9998190477755605	8010.0	801.0	801.0	801.0	801.0	801.0	801.0	801.0	801.0	795.2766917873317	590.430813835019
root_height_comparison19pop2	200	1.0001635771392896	6969.677262982672	801.0	662.0314856316894	801.0	642.010396891141	801.0	721.9565736386348	757.1689073726309	787.1312344832843	801.0	801.0
pop_size_comparison19pop2	200	0.9996504249493029	6872.711491845376	508.3450553845817	801.0	801.0	682.1927649210778	801.0	727.4256388689702	592.8976992236325	801.0	489.209924855966	402.35373110288475
pop_size_comparison19pop1	200	0.9994932585549926	6688.42355396188	388.7108736781261	801.0	585.6228692539306	677.747968340225	577.4359026532162	765.5029381756689	683.2641945551179	801.0	572.2042855290799	741.4313204411633
pop_size_root_comparison19pop2	200	0.9997822309030844	8010.0	589.3854784518358	801.0	801.0	801.0	729.0158635570057	801.0	801.0	801.0	801.0	801.0
ln_likelihood_comparison21pop2	200	1.000317908923105	7960.048514072437	768.9249722689609	556.0448889302379	801.0	731.2944227934463	676.1899647868191	801.0	688.7030789858796	801.0	605.2535396898683	801.0
root_height_comparison21pop2	200	1.0001526414294641	8010.0	801.0	801.0	502.22049333019623	801.0	801.0	801.0	580.0460514978448	801.0	689.4101900495501	801.0
pop_size_comparison21pop2	200	0.9998541545601785	8010.0	725.4400171877586	581.844750757186	633.2102870695875	801.0	529.9685841569479	801.0	801.0	777.395110095414	775.8095467761996	801.0
pop_size_comparison21pop1	200	1.0004149013367973	8010.0	801.0	801.0	633.5396479044426	801.0	613.1799479061539	801.0	613.7477392583284	559.1844167796228	801.0	801.0
pop_size_root_comparison21pop2	200	0.9997953933197768	8010.0	680.2140606553485	445.43454080924744	801.0	801.0	497.83347348479765	801.0	637.0943355196364	711.1195097660546	801.0	801.0
ln_likelihood	300	1.0001226081953123	7010.0	701.0	701.0	701.0	701.0	569.5134780643239	701.0	701.0	701.0	507.2279068451536	676.487907441151
concentration	300	1.0007625450717867	5751.228901805781	568.9694951471271	488.4518219641885	560.321280327069	467.6044415431196	385.6601542047436	401.7659611687891	368.99321306082015	701.0	368.56301151175205	643.0423020779486
ln_likelihood_comparison2pop1	300	1.0004595491955288	5758.661604533834	429.07401683961643	584.8042405237741	701.0	436.79465888491626	701.0	701.0	701.0	634.1133175633246	701.0	571.7397702589593
root_height_comparison2pop1	300	1.000210041543125	7010.0	701.0	701.0	550.0006310793699	701.0	701.0	530.0914638567149	701.0	596.541697792612	409.9797307308867	610.2211085679694
pop_size_comparison2pop1	300	1.0002655033196128	5854.395553836698	699.1987750346799	384.4855762847379	663.5063970613431	533.6192414845552	645.6836156866839	629.3213010265276	588.9049622018085	431.35594799905084	701.0	701.0
pop_size_comparison2pop2	300	0.9998554829420346	4886.978151831097	433.2207246172055	426.6549355157327	598.9274984567238	701.0	549.1001402019855	458.412416269181	582.928530679072	701.0	479.08176329622444	427.2664309962489
pop_size_root_comparison2pop1	300	0.9999453952161216	6242.57088307714	587.7940528682562	562.4725446115876	701.0	701.0	565.7751111606955	699.1116272684588	701.0	635.2416923283562	701.0	469.6961538523625
ln_likelihood_comparison4pop2	300	0.999698530200748	6598.307778489285	701.0	701.0	560.1607896575517	556.5102581584728	595.1099236381712	701.0	701.0	680.1239231630652	390.87578005126505	701.0
root_height_comparison4pop2	300	0.9996251369226328	4972.729765741059	432.60681549262875	574.4926817832973	701.0	451.21684278090504	441.4006444942172	476.7519720892215	701.0	665.9710442063147	701.0	561.3991838481321
pop_size_comparison4pop2	300	0.999859436084339	6532.607641158019	701.0	593.0483867301601	380.9962248732894	571.438074770316	479.7944376263917	701.0	701.0	536.756418820875	455.42943382644967	677.7826020713403
pop_size_comparison4pop1	300	0.999571920750153	4790.719523767391	502.8636650215984	468.90972901223245	701.0	394.32888388249086	514.1790660905017	701.0	701.0	467.40812059432096	701.0	701.0
pop_size_root_comparison4pop2	300	0.9996461584420768	6619.725352182468	701.0	623.2977610366034	480.50173525906416	701.0	555.326320013378	674.8345825954713	701.0	529.9826085771292	475.94624777777335	701.0
ln_likelihood_comparison7pop2	300	0.9996267374805751	7010.0	647.7104414510742	595.112694243218	701.0	689.065491967226	701.0	701.0	610.8006689961337	588.7081867458003	574.621418808004	701.0
root_height_comparison7pop2	300	1.0004754682762231	7010.0	631.6178810305212	701.0	690.9048094819851	701.0	701.0	701.0	701.0	569.3312327961376	701.0	701.0
pop_size_comparison7pop2	300	0.9998648772694388	7010.0	701.0	647.156607000754	701.0	701.0	701.0	701.0	701.0	701.0	701.0	701.0
pop_size_comparison7pop1	300	1.0001165739229418	7010.0	701.0	558.9369912582342	701.0	701.0	584.057965928076	701.0	701.0	701.0	701.0	701.0
pop_size_root_comparison7pop2	300	1.0000788771796612	5895.331348791364	574.623216040503	507.7172662564551	701.0	618.8848371642555	701.0	701.0	607.8008535048173	508.5108934800642	701.0	701.0
ln_likelihood_comparison8pop1	300	0.9999375427812869	6235.951620729629	701.0	701.0	701.0	444.4967972299422	661.8397418998018	521.5143724296298	701.0	701.0	657.1144154881495	700.7066064605422
root_height_comparison8pop1	300	0.9996103025013306	7010.0	701.0	701.0	649.870522940206	701.0	701.0	701.0	493.5865602643767	589.973723499518	701.0	701.0
pop_size_comparison8pop1	300	1.000149221348144	6545.144994696859	606.7187769291252	701.0	701.0	701.0	658.564305419939	609.3815456397764	428.1412524483982	701.0	649.2656738836598	615.5931332741388
pop_size_comparison8pop2	300	1.0000141821228097	6341.706314733237	701.0	529.4185377039971	701.0	502.2170241660976	506.5568382760642	701.0	582.9346259055493	701.0	581.5234397027325	494.89991793685124
pop_size_root_comparison8pop1	300	0.9997010930763001	6883.062824578306	679.0892444304247	701.0	701.0	701.0	701.0	701.0	648.3127559082852	701.0	562.2659401794524	701.0
ln_likelihood_comparison9pop2	300	1.000058679356366	7010.0	639.0260744633517	479.6275316836659	701.0	701.0	701.0	701.0	701.0	701.0	701.0	683.6853208062273
root_height_comparison9pop2	300	1.0004664147513307	6067.520543836318	468.370312570857	701.0	472.77574078892656	452.1877429994134	701.0	691.6743106137355	701.0	679.6696364682228	701.0	586.9386479327167
pop_size_comparison9pop2	300	1.0002380612202257	4723.497373963855	375.0293266933606	686.0166613392739	553.3254874054234	701.0	586.8247968434422	701.0	467.46952245427167	446.5553213217864	701.0	370.1682112180239
pop_size_comparison9pop1	300	1.000330776814904	6795.334541269623	541.409218581092	701.0	541.667453613187	701.0	697.4227047116327	701.0	684.4673718922236	627.788529830654	693.317667537798	414.5300845132024
pop_size_root_comparison9pop2	300	0.999555361264558	7010.0	653.1669575685382	686.3378011598325	701.0	701.0	701.0	701.0	701.0	701.0	578.4966367019427	510.84277879908007
ln_likelihood_comparison11pop2	300	1.0001251295789644	5590.783676478059	689.5228699535419	701.0	701.0	701.0	660.4546312145721	628.4912919424839	701.0	701.0	507.0163595547675	523.1964452116824
root_height_comparison11pop2	300	0.9998059852654606	6124.081829138691	397.2645862052509	514.4621272500477	701.0	520.6456182387641	701.0	383.05427448070554	544.3592214244453	701.0	428.7697532918844	664.9019354008341
pop_size_comparison11pop2	300	0.9995710667737583	7010.0	701.0	701.0	701.0	677.3496359019032	701.0	700.7166607361688	701.0	701.0	701.0	701.0
pop_size_comparison11pop1	300	1.000557719349057	6783.006202882337	701.0	574.2679915569639	701.0	701.0	701.0	701.0	701.0	529.7128448616377	660.6316513974723	701.0
pop_size_root_comparison11pop2	300	0.9997012909567171	6368.7022695689	701.0	611.3046485299341	701.0	701.0	701.0	701.0	666.4717734491725	565.2946752979666	555.6673036342628	701.0
ln_likelihood_comparison17pop1	300	1.000757058899623	7010.0	604.9092529626076	701.0	668.3942663617448	642.6298611585187	701.0	668.1362927195054	701.0	632.4539851953302	658.6215818098605	591.0279015149757
root_height_comparison17pop1	300	1.0004373383128338	6072.407752499882	701.0	431.7496430210303	450.36890410344927	494.78766736901866	666.1806446422123	557.455287921227	602.3382140220995	585.5480391203002	701.0	496.2436393952842
pop_size_comparison17pop1	300	1.000534202576799	5130.90978738296	301.74688486690593	701.0	457.1968400862002	306.3754319736394	451.15289519360914	349.01388340242454	491.70522224099386	332.4697114972164	415.1551497918389	295.2083615715063
pop_size_comparison17pop2	300	1.0011967413427767	5335.811883770535	411.74333587271286	700.7372349188881	614.1852541855471	298.8808825052697	393.61168644769646	311.56074638316903	477.1657198305746	413.94813715807675	481.9954310597881	317.15718684497693
pop_size_root_comparison17pop1	300	1.0007496417380457	6478.20861974507	587.7075650224408	701.0	701.0	466.9636463534157	701.0	701.0	701.0	701.0	602.4318899565025	701.0
ln_likelihood_comparison19pop2	300	0.9997531985384129	7010.0	701.0	701.0	701.0	701.0	690.8784229485915	519.548235914991	701.0	701.0	644.8408448351631	701.0
root_height_comparison19pop2	300	1.0001451540870514	7010.0	701.0	509.4613097798727	701.0	529.8145189932748	701.0	698.1772018515284	654.4323302426527	645.2711687194925	504.4264291151573	701.0
pop_size_comparison19pop2	300	0.9994728314380735	5761.329907023824	547.7400009145633	701.0	701.0	511.2653367718692	701.0	588.9718451975873	420.99616477516923	701.0	399.20248469235264	377.6823560110283
pop_size_comparison19pop1	300	0.9994868181978952	6246.540308499061	377.8474252829647	701.0	690.8810981963389	487.54145440085625	590.0251516540576	586.5008460415431	603.8921626272902	701.0	526.0025322493341	638.3810707011463
pop_size_root_comparison19pop2	300	0.9995134450404022	7010.0	533.0405866520999	701.0	701.0	701.0	701.0	701.0	701.0	701.0	701.0	701.0
ln_likelihood_comparison21pop2	300	1.0002080698171878	6693.351399925753	554.3019136204503	593.4025394182902	701.0	701.0	694.2694633691932	701.0	659.6039672159193	701.0	491.5260815013863	549.2436096455999
root_height_comparison21pop2	300	1.000181876324415	7010.0	701.0	701.0	471.1768913493901	701.0	701.0	701.0	521.0536278742446	701.0	701.0	701.0
pop_size_comparison21pop2	300	0.9997622708322339	7010.0	701.0	660.0779174834195	701.0	701.0	557.421930067279	701.0	534.8003445889832	513.4700656036463	416.5884650851461	701.0
pop_size_comparison21pop1	300	1.0004855050455674	7010.0	580.7265465561359	701.0	510.721639276583	701.0	517.7056431557334	701.0	455.33929181866046	701.0	701.0	701.0
pop_size_root_comparison21pop2	300	0.9995834139118869	6667.82093688946	701.0	577.5236869148595	701.0	701.0	497.58499720269606	692.7167988475815	697.6626447611004	701.0	625.1577722389782	701.0
ln_likelihood	400	1.0003446277045245	6010.0	504.65614709263446	601.0	592.6737036056735	601.0	512.9473515426482	601.0	601.0	601.0	552.5675598025698	601.0
concentration	400	1.0007575573845002	4427.488157338788	420.67790473522564	306.9247902038891	259.31882991037475	380.9502671481715	601.0	351.4463517057145	539.7753433588224	595.5718080937182	386.7685891846887	601.0
ln_likelihood_comparison2pop1	400	1.0004035649722989	6010.0	540.2665990876018	601.0	601.0	460.2116369032549	601.0	521.4744561900569	450.4559516614626	465.7445863409777	601.0	601.0
root_height_comparison2pop1	400	1.0005237983093633	5852.2257338611025	601.0	515.3637295189968	551.9446474254863	601.0	516.5712407474948	601.0	601.0	601.0	601.0	437.32150000622397
pop_size_comparison2pop1	400	1.0003181627898374	5867.844955747846	584.6358245481707	290.9194847777028	601.0	517.0328836992807	601.0	463.10873673286244	601.0	601.0	601.0	579.0817524955413
pop_size_comparison2pop2	400	0.9999748258127709	5001.959073288372	509.78749816580944	407.9847022285639	601.0	601.0	304.6004052042176	545.4798724170936	482.6015586222148	474.7956790646973	545.1132598582739	522.4821588022089
pop_size_root_comparison2pop1	400	1.0003475186032305	5775.64425447432	577.2926046017003	601.0	601.0	601.0	354.5695659413892	601.0	601.0	539.3462747236337	595.3490631220908	454.39112281736516
ln_likelihood_comparison4pop2	400	0.9996578333688602	6010.0	601.0	601.0	446.1149195816282	601.0	601.0	601.0	601.0	601.0	433.79524207733266	487.771721369774
root_height_comparison4pop2	400	0.9995993971455428	3933.911022820666	522.4288273136856	484.85392340826604	601.0	444.780182525995	421.5565426145758	503.0458346693455	601.0	554.8482123192417	488.87439209266034	513.4236326777406
pop_size_comparison4pop2	400	1.0000306211160046	5325.082736982367	601.0	443.88217467325524	294.75572303988076	497.54565740561253	445.2437151989734	601.0	601.0	579.6439241071914	601.0	454.11703466763583
pop_size_comparison4pop1	400	0.9997993729386012	6010.0	476.65490435540585	377.08176535844797	447.4035881753662	351.1002773714444	369.9885270743105	601.0	601.0	386.3118973958771	601.0	601.0
pop_size_root_comparison4pop2	400	0.9997071877894331	6010.0	601.0	323.94015830205797	371.086827927278	484.19702049414775	494.1415268924461	601.0	601.0	601.0	601.0	543.5487278677739
ln_likelihood_comparison7pop2	400	0.9994621308731017	6010.0	394.57848831535495	601.0	506.00926617995	601.0	513.8910419562401	601.0	585.6296967010642	601.0	601.0	601.0
root_height_comparison7pop2	400	1.000490755324777	5297.458147317282	574.8021282350533	601.0	566.8092206266454	601.0	574.1236338703186	601.0	601.0	389.719047071317	601.0	601.0
pop_size_comparison7pop2	400	0.9996423800516585	6010.0	601.0	601.0	601.0	601.0	601.0	601.0	568.9839674726818	515.3420971307894	556.4579170169955	601.0
pop_size_comparison7pop1	400	1.000407740570005	6010.0	560.8036473511462	515.539880963784	601.0	601.0	563.0595604446777	591.4621513629024	601.0	601.0	599.9004777465448	601.0
pop_size_root_comparison7pop2	400	0.999621773058624	6010.0	505.3070628231081	601.0	563.0897147992223	601.0	592.3309848705973	601.0	601.0	589.1863507497883	601.0	601.0
ln_likelihood_comparison8pop1	400	0.9999170009823592	4886.155131455495	597.159068388754	341.8374587209225	601.0	358.88579734776494	559.531667099458	419.58242277456753	418.09636685957145	482.73114108780203	601.0	601.0
root_height_comparison8pop1	400	0.999429937496472	6010.0	601.0	503.42020265120294	326.2357695692306	601.0	601.0	398.34560540325253	412.2569407004898	421.3345763117588	584.3775805868191	601.0
pop_size_comparison8pop1	400	1.0006534921222296	5997.624500297736	561.0193171120525	600.0399846603451	584.642860928784	554.5616918263788	601.0	519.2187735814058	460.56796318765913	601.0	601.0	509.73662679754653
pop_size_comparison8pop2	400	1.0000802858244189	6010.0	601.0	366.377327143356	601.0	382.3855990808435	374.3608720376265	601.0	390.5473229819699	601.0	541.7779036707424	565.0015113252696
pop_size_root_comparison8pop1	400	1.0000852846897692	6010.0	587.6921388196747	601.0	564.4985258618082	551.3309785232519	598.1395007389016	601.0	601.0	601.0	487.995927890257	601.0
ln_likelihood_comparison9pop2	400	1.0004113256659548	5788.094450745968	516.4556388697193	601.0	562.8918272052579	566.6574270472962	601.0	500.4256767146506	601.0	601.0	601.0	447.19623501838214
root_height_comparison9pop2	400	1.0010663295498554	4553.653138733411	353.7302201538897	548.6855121668536	491.0618317011875	398.48806831113205	601.0	601.0	601.0	541.4283793325152	444.49160885587116	601.0
pop_size_comparison9pop2	400	1.0006870743820824	4117.967664035204	391.88647959233236	446.8676324275485	601.0	601.0	469.43981862295817	522.9151744161048	536.3398509251115	447.185785254277	488.2371537454033	534.399438830589
pop_size_comparison9pop1	400	1.0003095171568996	4742.152861838516	463.2686849042811	408.28643274709503	501.9770980099062	366.29277416882127	440.6120921767928	443.2011105070891	601.0	601.0	474.0083427018432	595.278436748258
pop_size_root_comparison9pop2	400	0.9994467741378138	4893.157309933033	484.5305095029512	509.12251540619366	601.0	350.4019765422186	498.418810899678	565.3467481097066	601.0	601.0	371.03240671057483	496.32016486406786
ln_likelihood_comparison11pop2	400	1.0000685801822056	4298.153073020595	510.6117081571375	601.0	584.3513039692315	601.0	577.1347593841052	354.2241608253775	601.0	469.87541452858625	509.4376376153524	557.8145334750443
root_height_comparison11pop2	400	1.0003250854483	6010.0	469.0677336318265	489.38003311106223	601.0	448.1282825029825	601.0	438.9792037379683	390.39177717012103	592.4603352368334	466.22149444038337	571.7982026948072
pop_size_comparison11pop2	400	0.9993980022866397	6010.0	517.9454122394678	601.0	601.0	579.1327420164087	601.0	601.0	601.0	601.0	509.67573777718354	549.6456705484404
pop_size_comparison11pop1	400	1.001344320370772	5192.811226253564	601.0	372.0895456031937	601.0	601.0	577.0302743382084	601.0	601.0	457.8610634633608	601.0	511.94558649312995
pop_size_root_comparison11pop2	400	0.9997837315538346	6010.0	594.3225704229229	506.2554444002304	601.0	601.0	550.1337187184965	601.0	601.0	420.04815318993957	600.3558439342635	601.0
ln_likelihood_comparison17pop1	400	1.0007656902295319	6010.0	403.6474009270372	601.0	588.9327888655127	406.8688016270111	601.0	512.2740887429283	601.0	601.0	601.0	520.4070787055044
root_height_comparison17pop1	400	1.000241139297003	4178.0980918074365	485.65612316941844	263.679503422088	459.3682583384422	430.91441189362695	401.6049092408743	496.70651475893453	542.1639530998444	561.8198141843551	601.0	430.96250421569067
pop_size_comparison17pop1	400	1.0004631284258285	4577.887104347741	415.6276232077524	483.2943083617693	479.7755283020795	348.54706871136386	427.8958378106005	601.0	445.25079929425164	366.5294873678906	537.8179055002568	264.6847209301804
pop_size_comparison17pop2	400	1.0007769500025012	3547.9955951322404	590.990887929931	425.3132085446991	544.9564716483808	322.4655957913483	406.53179653670725	400.0412568995547	390.7368232339493	346.2002981740849	601.0	301.55839680560837
pop_size_root_comparison17pop1	400	1.0011416244750013	6010.0	549.2428830075053	601.0	555.4599564806028	439.91989365057464	601.0	601.0	601.0	601.0	601.0	601.0
ln_likelihood_comparison19pop2	400	0.9995994350527178	6010.0	601.0	601.0	601.0	601.0	601.0	534.5752489297994	601.0	601.0	404.25094891115964	575.2234982368036
root_height_comparison19pop2	400	0.9997695496592682	6010.0	553.8134427040411	369.60162336263255	601.0	539.2654857382865	531.027709256669	529.6588756838429	595.7129530168946	601.0	601.0	525.9464815118528
pop_size_comparison19pop2	400	0.9992650928750663	4259.196128447576	269.81229278142763	601.0	601.0	431.4117150065558	559.6045149491509	369.1480798078714	351.4190116664828	601.0	332.59585476538285	388.0762000668213
pop_size_comparison19pop1	400	0.9994911751235191	4328.804214024861	373.03209395168204	601.0	601.0	511.5249829103907	538.7878386706069	491.5083136103926	410.0926067103813	601.0	362.3621612103184	537.4849362872337
pop_size_root_comparison19pop2	400	0.9992780235565706	6010.0	539.2206901918831	601.0	601.0	601.0	513.3571254705195	601.0	581.9583893802181	601.0	491.74902479860936	601.0
ln_likelihood_comparison21pop2	400	1.000552823587584	5253.996643459489	491.28472854095526	408.2502985838945	583.4231953806665	601.0	513.896851876404	601.0	502.9233547375808	580.7193214433256	388.92802434610974	601.0
root_height_comparison21pop2	400	1.0003283267896084	5647.941970906493	601.0	601.0	334.8007087560569	601.0	601.0	454.9429058856596	371.492970072182	571.859811068506	601.0	601.0
pop_size_comparison21pop2	400	1.0000295332718474	6010.0	601.0	467.1689587484535	368.3880339837728	601.0	551.1184843604167	601.0	506.3838464882666	487.326379743521	420.36041277162616	601.0
pop_size_comparison21pop1	400	1.0006474431321228	6010.0	601.0	601.0	417.09968122564504	601.0	524.1935864581005	601.0	601.0	582.7912982871655	577.4185260942087	601.0
pop_size_root_comparison21pop2	400	0.999512781816038	6010.0	601.0	397.3622039727677	601.0	601.0	420.575660278131	601.0	511.3529672086443	601.0	426.1185298081403	601.0
ln_likelihood	500	1.0000408664128746	5010.0	355.4469057613939	501.0	459.0838834246466	436.67191651450133	452.1176103082809	501.0	501.0	501.0	429.58077658702075	381.33841406846193
concentration	500	1.0004535733834998	3619.696150650356	400.8286357165274	343.42911695481035	253.08731447657155	350.00731368199257	501.0	390.00665297470385	431.00240655177004	501.0	279.3826205271119	501.0
ln_likelihood_comparison2pop1	500	1.0005944835746623	4805.574568840896	341.5540394310288	481.25385492870913	501.0	294.65470132278256	365.0190811020143	501.0	328.7497645864438	454.619289386243	501.0	501.0
root_height_comparison2pop1	500	1.0004271264634026	5010.0	501.0	400.2809902937007	391.6489941490685	501.0	385.6853791672464	385.362760925973	460.4605107286379	478.52794781629035	383.9535064966356	452.6255110427506
pop_size_comparison2pop1	500	0.9999678816776362	4894.050029147315	369.9641486756588	286.7379137114643	467.3065878969631	455.44546958299355	357.94617052446546	373.42091150460885	454.38056370466114	387.2764188046832	501.0	501.0
pop_size_comparison2pop2	500	1.000656584296574	3187.754395223807	327.1627930838353	321.5041598471476	501.0	501.0	333.3940858879227	401.9377520543479	467.5874211315637	470.87264341836453	501.0	477.71025557298407
pop_size_root_comparison2pop1	500	1.000669367745933	3795.2272917612545	366.2660939603	501.0	407.7046123592459	501.0	231.42279757180813	501.0	501.0	501.0	440.68210867091284	435.38108321831163
ln_likelihood_comparison4pop2	500	0.9993123412636281	5010.0	387.8900574145026	501.0	262.7674968941594	501.0	501.0	466.3863333982975	501.0	501.0	389.5729066985334	479.2659855581464
root_height_comparison4pop2	500	0.9996828096242124	3561.5048673883834	501.0	412.7715136721348	501.0	308.4331123487156	345.94054884362066	399.8945230455396	501.0	501.0	404.69132382643687	495.8779098701045
pop_size_comparison4pop2	500	0.9997461658490314	4855.084309863491	501.0	302.86435770879183	210.40803250511814	501.0	419.2022417680675	464.631286124454	501.0	501.0	501.0	358.5765899623667
pop_size_comparison4pop1	500	0.9999742342332263	3751.8659018741037	360.01846840802824	319.9959851712013	345.38719646360016	331.9775505470242	262.74879756166814	501.0	501.0	417.7415242203823	501.0	501.0
pop_size_root_comparison4pop2	500	0.9995487906535464	5010.0	501.0	349.3597694862901	311.7071903980019	501.0	416.2389659131241	501.0	501.0	501.0	501.0	501.0
ln_likelihood_comparison7pop2	500	0.9995013765122511	5010.0	395.5052000504697	501.0	501.0	485.2624139992005	501.0	501.0	422.11656204993807	375.9707041291521	501.0	501.0
root_height_comparison7pop2	500	1.0004276293997338	5010.0	327.2135859574908	501.0	501.0	501.0	501.0	483.0432869253687	501.0	501.0	501.0	501.0
pop_size_comparison7pop2	500	0.9999504396431859	4943.800971478339	501.0	501.0	501.0	501.0	501.0	361.8388702906282	487.8122621411016	471.86550092184626	412.84951342830993	378.3791379335363
pop_size_comparison7pop1	500	1.0004442489645344	5010.0	471.57997578583365	320.1729624364366	484.3842337730511	471.3173704830809	501.0	501.0	385.8496053866197	383.97046084026243	501.0	501.0
pop_size_root_comparison7pop2	500	0.9996583821368487	4378.505992186871	441.89362147644914	501.0	442.12446858169545	481.5576582238525	501.0	501.0	348.785519168977	391.28688310524115	501.0	440.9399283125691
ln_likelihood_comparison8pop1	500	0.999733199721709	4207.75046437807	501.0	428.18334621871594	501.0	448.2275590789502	390.2759383621046	501.0	418.9422539118211	338.7642568040682	501.0	409.41461265754225
root_height_comparison8pop1	500	0.999322864818021	5010.0	501.0	501.0	285.9339636674812	445.20521739924413	501.0	429.46031173730705	343.1704111240075	318.7953464985012	433.9569124150091	501.0
pop_size_comparison8pop1	500	1.000534107591334	4579.885749311197	352.8144422942865	501.0	501.0	483.2947658255014	487.12054786587777	381.88833268495557	296.8170027343732	477.31150247784717	374.0657243409206	258.91771674559743
pop_size_comparison8pop2	500	0.9997004907540921	4863.78286449811	501.0	336.62633969718036	501.0	424.3588811539792	423.2087068547634	501.0	387.20883127612484	501.0	501.0	296.87691589557807
pop_size_root_comparison8pop1	500	1.0003859760872034	4757.736017527655	427.2264532652386	501.0	501.0	501.0	463.0365710265189	501.0	501.0	385.16859801919253	412.142554561369	375.6106219244961
ln_likelihood_comparison9pop2	500	1.0001106417684067	4381.0099691492	501.0	501.0	339.9303698433286	501.0	366.32332941466854	327.22139457760267	501.0	501.0	345.25933756212	421.5950048025244
root_height_comparison9pop2	500	1.0013667646389184	3653.9714419678085	339.9976793549345	472.2778163766299	343.06950590513145	487.44688729101756	501.0	501.0	501.0	462.63975350018205	501.0	501.0
pop_size_comparison9pop2	500	1.0010589141424244	3467.8212587762105	398.7628898827464	341.25101949239456	397.7977346616836	501.0	393.4038301473403	411.5864829449665	275.99696846767307	376.3320971723991	501.0	334.3644762182291
pop_size_comparison9pop1	500	1.0002209005794984	4625.155895192752	380.8446375195622	330.900955253656	410.4438955256856	501.0	395.49745932561814	351.1033910065584	449.1929350016872	501.0	338.11861622177224	413.76920459816216
pop_size_root_comparison9pop2	500	0.9996648950543616	4446.1891254179545	501.0	418.7868279403867	501.0	501.0	494.6700399604253	388.46078428775604	501.0	501.0	263.8936696484285	450.6105100557919
ln_likelihood_comparison11pop2	500	0.9997396130202097	5010.0	501.0	501.0	501.0	501.0	501.0	299.19972517358036	501.0	308.43300425431636	460.24120935126416	337.0105662025086
root_height_comparison11pop2	500	0.9995295203851591	5010.0	425.0977328837241	409.95536799265625	501.0	501.0	501.0	390.2723622748792	403.50006076438666	501.0	355.4558143204439	501.0
pop_size_comparison11pop2	500	0.9993120185312643	5010.0	501.0	348.1971906869836	501.0	380.28333136176315	471.81187071036686	501.0	501.0	501.0	378.10979441946535	386.60549653920157
pop_size_comparison11pop1	500	1.0014539353642866	5010.0	480.78842400407444	433.6296595511003	496.75953565691674	501.0	418.48391007774075	501.0	501.0	401.2042415875944	501.0	501.0
pop_size_root_comparison11pop2	500	0.9999398506327754	5010.0	438.3565261594597	344.3605349318766	501.0	501.0	501.0	501.0	501.0	257.9164624594085	501.0	501.0
ln_likelihood_comparison17pop1	500	1.0004009824925166	5001.698106721226	429.3236272436319	501.0	349.3094304570662	287.5545070263581	501.0	470.30423841101504	501.0	439.8582730104881	501.0	389.1098422717215
root_height_comparison17pop1	500	1.0002844100658608	3466.8845376618165	501.0	244.8760371267652	379.3000904682671	331.28444850877355	425.4746767108418	501.0	413.77523286252233	443.76580202823664	501.0	263.43678369557705
pop_size_comparison17pop1	500	1.0004181849099532	3369.157356312806	398.88966930446	359.5261029663795	486.90184770463253	211.47538732354562	260.3805239823097	385.7130929503578	410.4487017785544	231.82933006793002	479.0305116008699	294.82396044285883
pop_size_comparison17pop2	500	1.0005696331641913	3071.741493873512	418.44436454488596	315.10917272565825	267.53069570160636	182.3249974975222	250.50806253727816	269.95366491007564	282.4211388791459	254.12970112541964	330.6316083257521	319.01923767162714
pop_size_root_comparison17pop1	500	1.0011387148221884	4791.583447601729	501.0	501.0	296.90379790895173	274.30322316750755	501.0	501.0	501.0	501.0	501.0	501.0
ln_likelihood_comparison19pop2	500	0.9996564708151912	5010.0	501.0	501.0	501.0	436.7001227172287	466.49003862634174	397.34231872795675	501.0	501.0	501.0	501.0
root_height_comparison19pop2	500	0.9997482749531882	4476.004184661823	422.31428502552734	418.5892576012429	486.1525069873249	368.9153467466356	501.0	501.0	501.0	475.10507405035173	376.36416395756635	391.99939623897137
pop_size_comparison19pop2	500	0.9991503405571869	3541.551578145749	319.1623487602005	501.0	501.0	260.0101645383651	501.0	327.0416901395309	270.4521835013826	501.0	292.9471405469281	360.62091543130293
pop_size_comparison19pop1	500	0.9992778540443482	4185.498245972208	268.3584734706882	501.0	406.41277280452795	468.4308848536159	440.69500887518865	351.7838742266264	447.6056923168302	501.0	312.4391351801273	457.28316002432143
pop_size_root_comparison19pop2	500	0.9992470897496315	5010.0	324.03080689472745	501.0	501.0	501.0	501.0	501.0	353.42433117176944	501.0	501.0	501.0
ln_likelihood_comparison21pop2	500	1.0000838541374097	4881.067559194325	374.30432357165944	454.6392064914074	501.0	501.0	486.1371634954042	501.0	501.0	501.0	312.8283151642584	402.9937569801687
root_height_comparison21pop2	500	1.0002566204645087	5010.0	467.3908021342616	501.0	431.21550426659024	501.0	501.0	501.0	375.15039399591797	501.0	501.0	501.0
pop_size_comparison21pop2	500	0.9996349442914706	5010.0	406.83086534875315	436.118490557102	368.67540083218637	501.0	357.9612138210804	474.03207811100856	454.5368763026733	501.0	382.09283281713596	501.0
pop_size_comparison21pop1	500	1.0000058377989895	5010.0	433.49129798825356	501.0	344.80756779002377	501.0	501.0	501.0	501.0	447.077807537683	501.0	501.0
pop_size_root_comparison21pop2	500	0.9993811323859597	5010.0	430.21925386967206	366.46237205638914	416.0347047149462	501.0	288.9322227571793	386.63508442428304	501.0	400.84983237612454	431.40608939434577	501.0
ln_likelihood	600	1.0001298080175174	4010.0	372.8817296150636	401.0	401.0	401.0	263.8956513747605	401.0	401.0	401.0	401.0	401.0
concentration	600	1.0004821968390718	2465.177771499765	307.46464537364284	238.0998517751493	220.6157240120351	235.5020348511071	401.0	287.67004210249104	328.2132817755152	342.932149677175	269.5942039607052	401.0
ln_likelihood_comparison2pop1	600	1.0009507861351377	3469.044308636379	401.0	365.1320211156065	401.0	316.29029463309615	401.0	401.0	232.1101317983235	401.0	401.0	401.0
root_height_comparison2pop1	600	1.0000106458906357	4010.0	401.0	318.063875679278	302.3774226608081	401.0	282.60960618534756	272.4519939636619	286.534542889871	401.0	249.33175112050554	309.7570164607615
pop_size_comparison2pop1	600	1.0002431913326522	3645.605501949603	305.1571951572192	257.96929614960635	401.0	401.0	334.72543339567585	305.61032165532174	401.0	268.38096570039556	401.0	401.0
pop_size_comparison2pop2	600	1.0007586514936664	2522.5828853308567	226.12116903899832	252.09188844907248	401.0	327.17356718125814	241.90489111408579	342.94937804853294	287.14408790024135	379.16115440996026	308.88599847896137	313.3383734613894
pop_size_root_comparison2pop1	600	1.0011250903667699	3688.3455440974612	320.1857467466281	401.0	401.0	390.97653692200555	229.96827746501762	401.0	401.0	279.98760319059693	401.0	401.0
ln_likelihood_comparison4pop2	600	0.999156773004739	3873.7651779114317	401.0	401.0	156.49716612905905	401.0	401.0	401.0	401.0	401.0	298.65427029285416	401.0
root_height_comparison4pop2	600	1.0006609738739818	2420.1098424092443	325.5331342798668	401.0	366.23653038674365	239.41498058421456	240.1388801620784	359.7824688278177	401.0	401.0	401.0	358.5195489813302
pop_size_comparison4pop2	600	0.9999872064655205	4010.0	401.0	347.1428227761609	162.4129448549421	401.0	266.05656262245384	401.0	368.87004430573376	401.0	401.0	314.506466955456
pop_size_comparison4pop1	600	1.0007403990333184	3184.558271580246	310.3953035133645	257.2646271798832	401.0	294.1025207886394	331.1777020030001	401.0	401.0	389.43982621577436	401.0	401.0
pop_size_root_comparison4pop2	600	0.9995279461975425	4010.0	401.0	226.9240612713677	233.80479854658157	401.0	280.0862826318264	396.86927866881393	401.0	401.0	401.0	292.62793623999727
ln_likelihood_comparison7pop2	600	0.9995835870958818	4010.0	267.3975866827701	401.0	401.0	401.0	401.0	401.0	271.9769424063114	401.0	401.0	342.76366790768844
root_height_comparison7pop2	600	1.0000175522672186	4010.0	401.0	401.0	401.0	401.0	258.67434292136966	401.0	401.0	372.8558168703776	401.0	401.0
pop_size_comparison7pop2	600	0.9996792956482691	4010.0	401.0	401.0	401.0	401.0	401.0	380.00501003758933	401.0	263.0435642112872	349.5604699313263	357.5937566448093
pop_size_comparison7pop1	600	1.0000674510740903	3683.6220268607963	401.0	283.49386306697426	401.0	368.37750989313554	401.0	401.0	341.9867637875244	388.59108743186664	401.0	401.0
pop_size_root_comparison7pop2	600	0.9996236894916657	4010.0	346.1214408476598	394.5128754244204	401.0	381.8021943148338	401.0	401.0	252.08678741406194	401.0	401.0	379.27482884709093
ln_likelihood_comparison8pop1	600	0.9998139818964056	3435.1199747882924	357.43960902699547	258.80957573339816	401.0	285.2574656629651	254.90647326629613	301.3564383035356	401.0	303.6017975073648	401.0	401.0
root_height_comparison8pop1	600	0.999023902155684	4010.0	385.03845777658097	401.0	265.81599541205884	311.8347090578367	401.0	337.8178174584255	234.0328571601129	237.16038409230157	392.95129899011164	377.4820058736166
pop_size_comparison8pop1	600	1.0005125432049395	3633.280925373349	401.0	401.0	401.0	323.61334000192466	401.0	220.53858661356023	401.0	250.3855210638041	342.36951880639805	251.18391341984164
pop_size_comparison8pop2	600	0.9998395898647997	3099.0610897212705	401.0	401.0	401.0	401.0	278.6883536722328	366.4233501126349	211.87525633513647	304.06203429431656	386.5016248679467	287.17385971921715
pop_size_root_comparison8pop1	600	1.0004455437831	3812.949937168133	401.0	401.0	313.13030452062407	401.0	401.0	380.345707901973	401.0	254.82945083474246	368.3034349302489	401.0
ln_likelihood_comparison9pop2	600	0.9999627702416827	3611.2240189094264	359.4330235032317	273.88233738395166	360.90616189496296	401.0	401.0	368.72672964738314	401.0	401.0	310.07688423064735	355.2382377164092
root_height_comparison9pop2	600	1.0014406660398607	2935.9040692977333	231.79219729675356	308.56346706833364	401.0	401.0	388.0526041209195	401.0	329.4178936091024	296.7944434927357	230.10053600826166	356.4608120807035
pop_size_comparison9pop2	600	1.0005776290562827	3523.6514037590186	261.5920654033824	279.37137207416333	401.0	401.0	343.3790315737166	295.496466367553	298.37936310874755	271.70652874935803	354.07095264591254	257.0026360301953
pop_size_comparison9pop1	600	1.0010130272192495	3177.778929441313	333.29271777449526	300.311960616045	328.97721435635634	331.1847923159819	401.0	354.4354241506284	401.0	401.0	362.8634053184853	331.7095605513842
pop_size_root_comparison9pop2	600	0.9997860913290576	3274.5837578171754	296.18664654788324	401.0	401.0	337.3649915635659	401.0	401.0	401.0	401.0	284.21455901899867	387.9460390118025
ln_likelihood_comparison11pop2	600	0.9998809364964167	3041.5817211206113	307.4704117789554	401.0	391.61206248873793	401.0	401.0	261.8515114802771	346.91271428552017	229.11872206850612	401.0	378.81623069817414
root_height_comparison11pop2	600	0.9999249761959249	3450.1340548912913	254.46913240722893	385.9240943548866	365.89606446129494	248.40823936300518	401.0	257.3935403121052	252.93622022490786	401.0	333.3877042578736	401.0
pop_size_comparison11pop2	600	0.9995991059158467	4010.0	323.8495561312536	358.51482333456477	401.0	401.0	401.0	401.0	401.0	401.0	334.0539326077172	401.0
pop_size_comparison11pop1	600	1.0012956506444108	3624.9163919951475	401.0	372.5158042409483	401.0	401.0	401.0	401.0	401.0	322.37694515910863	392.958131206942	331.294440998985
pop_size_root_comparison11pop2	600	1.0003293900502628	3559.171809881577	401.0	401.0	401.0	401.0	401.0	401.0	401.0	304.80938590547765	401.0	391.1043884563189
ln_likelihood_comparison17pop1	600	1.0003842645591767	4010.0	401.0	401.0	297.3952755378014	263.58732653511794	401.0	306.6832281980083	401.0	401.0	401.0	277.65792923366223
root_height_comparison17pop1	600	1.0007148504115344	3432.23995209166	277.3796944995037	169.34387563689256	262.6478028763799	269.72323078031025	298.2048105730201	379.144363871622	401.0	401.0	348.57782306505345	258.93571685860917
pop_size_comparison17pop1	600	1.0003641671311905	3246.44355823546	347.17024962364195	244.73335398375005	401.0	203.1022752811409	237.98758293476033	334.00978231422175	341.9388113323881	272.3173509968521	258.3712586567497	380.01733633398203
pop_size_comparison17pop2	600	0.9995559917901743	2531.1735611999165	345.65552611016454	296.2342743935999	242.95495304561865	201.80280513678974	211.79526276971745	320.75387114892237	244.33003465685613	242.28538221142844	296.8400033219206	279.38403411635363
pop_size_root_comparison17pop1	600	1.0014313765148877	3967.1367650188663	401.0	401.0	318.1588722927983	250.4719651589702	401.0	401.0	401.0	401.0	321.13073329706185	401.0
ln_likelihood_comparison19pop2	600	0.9994906210560256	4010.0	401.0	312.822364315499	401.0	401.0	254.42211105806112	401.0	401.0	401.0	401.0	401.0
root_height_comparison19pop2	600	1.0001038861651999	4010.0	334.46724156378707	302.6449439136807	401.0	258.09496592746274	401.0	314.5818982624683	401.0	401.0	343.9510671078994	374.0340666400744
pop_size_comparison19pop2	600	0.9991460279531075	3313.5265269207885	350.46229304575974	289.94744370939907	401.0	297.52431020833575	247.19397998595753	276.6354112877928	260.24023204770054	401.0	201.84737275207522	172.2596069709588
pop_size_comparison19pop1	600	0.9994807294884032	3509.1527946367974	256.19087213572436	401.0	378.1900728307753	322.8646664666007	213.8729612409621	401.0	263.51213732372065	400.4144309443777	227.5534170397219	285.73227235406387
pop_size_root_comparison19pop2	600	0.9992743215098704	4010.0	326.73916842565393	401.0	394.7714970403599	401.0	247.04407558061226	401.0	401.0	401.0	401.0	401.0
ln_likelihood_comparison21pop2	600	0.9999073953790731	4010.0	351.8556234773542	223.86175975758434	401.0	401.0	401.0	401.0	401.0	397.69593131900535	284.9681835418342	334.76492734057797
root_height_comparison21pop2	600	0.9999489865076587	3873.928365996585	303.1446951417725	368.3868774122421	209.85761941649972	401.0	401.0	310.26750049603254	306.4989272407878	401.0	365.53571371598537	401.0
pop_size_comparison21pop2	600	0.9993124386329313	3933.788824897347	401.0	401.0	401.0	401.0	331.5796203206553	401.0	401.0	219.67280338563972	283.2631411050608	401.0
pop_size_comparison21pop1	600	0.9998618525738349	4010.0	401.0	399.66180290909034	234.49961824476387	401.0	401.0	401.0	354.78440866199566	301.2654791717834	401.0	401.0
pop_size_root_comparison21pop2	600	0.9991760296688038	3186.284245861005	401.0	373.8415756979672	346.7961320059126	401.0	229.9613709968069	329.7672006820309	401.0	227.39179856859732	314.6411592354765	401.0
ln_likelihood	700	0.9998284280637522	3010.0	281.05278269795565	301.0	254.2550988306485	301.0	204.65847212935282	301.0	248.41122660319792	301.0	301.0	220.24955509459943
concentration	700	0.9995207771930676	1569.0247224817367	226.89493756494554	197.80740345590334	175.60998395344308	161.59723703129876	301.0	177.38130264493145	272.0169750728424	202.73830073914564	225.87244622996238	301.0
ln_likelihood_comparison2pop1	700	1.0014373804045191	2218.648283441688	301.0	181.56614521614117	301.0	292.4003411685274	247.03048757029038	259.10192137503964	301.0	301.0	282.7141309917096	301.0
root_height_comparison2pop1	700	1.0001571510489833	2528.9066416517157	301.0	210.79805616321227	245.82369526541618	212.08074156957014	208.38018966549683	196.00558673821527	291.2014594356206	290.3940061250511	252.7342363665015	282.9663517735527
pop_size_comparison2pop1	700	1.000011382044199	3010.0	253.65152894850314	198.8318969416528	245.75078653138422	301.0	301.0	301.0	301.0	262.9074741298918	301.0	301.0
pop_size_comparison2pop2	700	1.000640132466373	2566.0546028177578	240.61933070938056	209.5320469593507	301.0	298.47354359966783	181.40088257090505	243.71346183667902	260.20202941416613	301.0	301.0	296.0479318692718
pop_size_root_comparison2pop1	700	1.000511540142968	3010.0	284.64563321599525	254.5107896892492	287.5080926546406	295.0506434645161	213.26450101712962	231.45616479977159	301.0	301.0	227.28242828146074	301.0
ln_likelihood_comparison4pop2	700	0.9991332864723795	3010.0	301.0	301.0	170.8438734563223	301.0	220.93768714073536	301.0	301.0	301.0	207.1625228300096	270.2226967300544
root_height_comparison4pop2	700	1.0022885044390963	2003.138187462978	301.0	158.8584364663645	301.0	176.9306654954245	155.33065586381153	260.15180381010987	301.0	273.3761428432622	301.0	301.0
pop_size_comparison4pop2	700	0.9997580005733844	3010.0	301.0	301.0	146.92934054981632	301.0	211.92341360072172	244.50588481292468	301.0	301.0	301.0	295.50964775223235
pop_size_comparison4pop1	700	1.0008592135293173	2439.8712963436165	282.0652621025269	301.0	286.8838441306516	176.3339109174336	194.92892105516756	301.0	301.0	226.97071787461613	301.0	301.0
pop_size_root_comparison4pop2	700	0.999432316727859	3010.0	301.0	301.0	147.13930229291594	301.0	218.2584580851776	227.28201594326447	301.0	301.0	301.0	301.0
ln_likelihood_comparison7pop2	700	0.9992550982874929	2569.439303829056	178.0326717125905	301.0	301.0	301.0	225.33407040414357	297.98906120708205	186.13140438019855	284.83199887299236	301.0	301.0
root_height_comparison7pop2	700	1.0000821515010996	3010.0	268.90002403805363	283.44067535338985	301.0	277.46874862679925	297.3569757764915	301.0	301.0	243.0437652225421	286.19734315609895	301.0
pop_size_comparison7pop2	700	0.9997634602584097	3010.0	301.0	275.7914206821668	301.0	301.0	299.83885608421036	286.537482218036	301.0	239.0504716071467	301.0	301.0
pop_size_comparison7pop1	700	1.0010369806544541	3010.0	248.54624654791704	230.14894007221446	301.0	249.82171046103275	301.0	289.42094432466735	287.0640677189569	301.0	301.0	301.0
pop_size_root_comparison7pop2	700	0.9991969863191421	2886.8125516264527	245.3614427951551	301.0	301.0	261.778481497405	156.0200767810007	282.5193923722426	170.23195707899595	244.24465447703506	301.0	301.0
ln_likelihood_comparison8pop1	700	0.9999128138317361	2491.248131086102	301.0	287.11153260269145	301.0	185.31457650683942	283.17371190839606	219.08760896917047	274.36243350252636	218.69073362674192	301.0	218.8649237284651
root_height_comparison8pop1	700	0.9986956731643534	2935.1221743542787	301.0	296.9454518147875	194.06265252549528	270.9582168178047	223.95115243608663	250.03691155587154	173.0024059464629	171.35473068982705	218.7202041488817	229.58422012157328
pop_size_comparison8pop1	700	1.0010633929805703	3010.0	277.24708654776373	301.0	301.0	279.8827830488988	218.1662087217196	185.77341641646652	268.2819061912851	244.57326613835656	256.7083204299237	223.5654819379383
pop_size_comparison8pop2	700	0.9998487974032962	2646.945298138872	301.0	301.0	266.2460603596451	301.0	233.25237608006475	301.0	220.72385385984902	301.0	301.0	271.36847506022076
pop_size_root_comparison8pop1	700	1.0011034910797016	2858.4016046605625	256.4163692565204	301.0	284.29132289358597	301.0	288.48128301978363	272.4065334164231	301.0	231.57768627061293	301.0	301.0
ln_likelihood_comparison9pop2	700	0.9999936926562984	3010.0	301.0	251.48516988520694	301.0	281.02898037269716	301.0	301.0	301.0	301.0	296.63683115588725	296.85595533730583
root_height_comparison9pop2	700	1.0020751530031382	1884.9480164163747	174.07179028975662	301.0	250.0296812555965	257.63075292507256	252.39545394491557	301.0	286.70395912991796	217.16588461307055	214.4980737227813	301.0
pop_size_comparison9pop2	700	1.0008646493825184	2292.9233129907566	191.57538375768493	274.78554821172787	301.0	301.0	222.44966338757737	301.0	207.0219292808509	141.91563593541352	301.0	265.1088591155917
pop_size_comparison9pop1	700	1.0009861516392737	2895.294211512144	227.44090974073484	249.8910010811898	301.0	211.26155743090948	301.0	298.5641176935416	301.0	301.0	285.7448028501108	244.16766844185776
pop_size_root_comparison9pop2	700	1.0002567799884972	3010.0	214.3491432978432	196.7919477795422	301.0	234.59539967261054	301.0	301.0	301.0	213.1943972622793	214.10407153557713	301.0
ln_likelihood_comparison11pop2	700	0.9995574182604778	2659.383026984412	301.0	301.0	299.5095718175964	212.31468524989708	301.0	301.0	301.0	204.97922060690058	301.0	301.0
root_height_comparison11pop2	700	1.0000701383318054	3010.0	238.68466879844817	295.6677107231126	301.0	301.0	301.0	239.32293111067236	204.42670872508546	301.0	211.20568939207064	301.0
pop_size_comparison11pop2	700	0.9992123243782187	3010.0	275.23015607916403	209.780825814144	301.0	294.48445422577475	177.60226506057768	301.0	301.0	301.0	295.40956343279277	301.0
pop_size_comparison11pop1	700	1.0007719825004628	2787.9621349609756	301.0	301.0	230.37584133535458	267.354462822978	212.35434886498737	301.0	301.0	162.87542467881352	301.0	301.0
pop_size_root_comparison11pop2	700	0.999332112156072	3010.0	216.14840097610306	217.55319109087884	301.0	301.0	267.1766494152632	301.0	301.0	180.21608765075476	301.0	301.0
ln_likelihood_comparison17pop1	700	1.0000406612758002	3010.0	207.67726328830057	301.0	245.16415580442654	301.0	301.0	301.0	301.0	301.0	301.0	271.36272973438673
root_height_comparison17pop1	700	1.0027617250884855	2289.7497838517434	163.3806368239443	301.0	301.0	198.8232347328898	301.0	270.2016193955795	301.0	185.99841276509656	301.0	225.9666302710818
pop_size_comparison17pop1	700	1.000196108955913	2488.127521599002	216.99210254029612	277.12343574512096	174.17438885231158	178.74918405201947	237.8833643762047	289.08819229421545	301.0	178.19870989204662	158.24850208348482	164.56392908769996
pop_size_comparison17pop2	700	1.0003175671727749	2401.984026247654	250.03217149456825	294.2394275187159	230.13602852837602	182.6349780549874	153.14756391438686	301.0	301.0	201.37468854221072	164.57061316045923	136.14400810703066
pop_size_root_comparison17pop1	700	1.0003055259498859	3010.0	224.98312919008592	301.0	301.0	249.58915816556382	301.0	301.0	301.0	301.0	244.32437741960177	301.0
ln_likelihood_comparison19pop2	700	0.9995621541107952	3010.0	301.0	301.0	301.0	301.0	191.86450685623703	301.0	301.0	301.0	301.0	301.0
root_height_comparison19pop2	700	1.0009586595744175	2975.3280668653524	301.0	301.0	301.0	191.69539664754117	258.7626856168725	301.0	301.0	225.97717705171726	221.451544349392	301.0
pop_size_comparison19pop2	700	0.9993703202399078	2623.2623817303956	240.88226435904974	301.0	301.0	292.90974157352406	299.49263540871505	187.17452707852954	156.96379682617692	301.0	166.379525920887	198.87197904943307
pop_size_comparison19pop1	700	0.9996103567293468	2618.5282648539105	209.7522549907922	301.0	278.08305302741803	301.0	161.4934437312196	301.0	205.46182270815783	251.86043061180936	159.99436446234907	201.6452058912947
pop_size_root_comparison19pop2	700	0.9998878574520882	3010.0	271.1991273699702	301.0	301.0	301.0	301.0	301.0	299.9468578324929	301.0	301.0	301.0
ln_likelihood_comparison21pop2	700	0.9998631416088787	2699.273402558159	195.0059315963775	143.95314469613612	271.5527690652255	301.0	219.1243308785617	279.33811318439695	301.0	301.0	301.0	232.40025910556278
root_height_comparison21pop2	700	0.9998305863783404	3010.0	301.0	287.46939232246206	254.55709092691617	301.0	301.0	279.8476824168885	195.09042009461183	298.44584261188305	301.0	301.0
pop_size_comparison21pop2	700	0.9992215940514957	2684.77609843335	208.48637764587968	280.5794451888472	159.77576953981026	301.0	256.36959899924454	251.7665300212104	254.31655185210616	154.3825653698814	301.0	301.0
pop_size_comparison21pop1	700	0.9996839552355485	3010.0	301.0	301.0	201.1413656601576	196.63570670559383	301.0	301.0	269.72951533510684	291.07889231133805	301.0	301.0
pop_size_root_comparison21pop2	700	0.9994138020956972	2990.6272869993645	301.0	286.7645089644107	215.9496433440946	300.87212742166764	244.12415072166732	229.1820890395096	265.68819167139645	240.76202899739582	301.0	301.0
ln_likelihood	800	1.000396123988939	2010.0	201.0	182.98423060945828	201.0	161.13531650569405	178.78842840627632	201.0	201.0	201.0	201.0	198.49412761582238
concentration	800	1.000779496028296	911.367092906544	123.02217015837098	111.6673860317672	96.44682125627956	115.05205142821858	92.93638921896554	112.99878749496582	166.79201320588373	118.40910898563011	115.3110334700019	201.0
ln_likelihood_comparison2pop1	800	1.000725618985048	1631.0697615774448	172.52363071581058	146.07835131102578	201.0	147.9417265896844	200.3967406321514	197.50601539710402	179.3329075651461	193.7474646424217	201.0	149.51716558731596
root_height_comparison2pop1	800	0.9994557923299789	1756.5310440098149	191.32438656967804	142.22985148173635	193.46773968574917	116.43564531294463	110.30433923258093	120.4752833089483	146.02471964512063	201.0	102.65506343140383	201.0
pop_size_comparison2pop1	800	0.9989252683090312	1858.3454062056212	136.36114163486099	66.38977778183336	172.82425811961411	201.0	117.30879174401971	201.0	151.02884447639306	162.18932803485643	196.70028085562907	201.0
pop_size_comparison2pop2	800	1.0024966540151656	1930.0027964513158	140.0706436158365	195.1086862043681	201.0	201.0	163.19099492680652	201.0	131.9017148171741	201.0	201.0	178.55720381432477
pop_size_root_comparison2pop1	800	1.0016529679952038	2010.0	143.0610469251958	201.0	152.26220614308644	201.0	129.72669876987683	201.0	192.21558990881354	201.0	117.39134521719107	201.0
ln_likelihood_comparison4pop2	800	0.9997447556898174	1993.3708390235925	177.7200086723928	200.26012088816415	165.20742012932735	179.49124979886636	141.34755705009485	201.0	201.0	201.0	197.98157176589086	201.0
root_height_comparison4pop2	800	1.001826090358527	1442.8621163964574	201.0	102.8651330920849	201.0	165.6892167535499	162.41764097039677	142.98505996237367	201.0	201.0	201.0	201.0
pop_size_comparison4pop2	800	1.0004158707008142	1458.1537596487647	177.8708269619556	179.73319782711465	132.40191438575164	146.15283994706283	101.73178254538058	201.0	185.3778997277199	201.0	201.0	194.77602489242335
pop_size_comparison4pop1	800	1.0000891482299716	1951.506223187132	159.54359024071726	141.84457768339357	201.0	201.0	131.95977922272564	201.0	201.0	146.96673359175725	201.0	201.0
pop_size_root_comparison4pop2	800	0.9985524969642312	1960.7455396564574	201.0	201.0	111.80313738426749	130.35495713457385	167.61045161631958	201.0	201.0	201.0	201.0	131.43946393046886
ln_likelihood_comparison7pop2	800	0.9998089431106355	1980.8954858982495	201.0	201.0	201.0	185.58875480519663	201.0	201.0	148.28956576501358	176.83382875989776	201.0	182.91389758660694
root_height_comparison7pop2	800	1.000605092119811	1704.4600960131424	201.0	152.4477405662366	201.0	201.0	201.0	149.68867049764185	201.0	132.36732461322336	201.0	201.0
pop_size_comparison7pop2	800	1.0006959484651146	2010.0	201.0	201.0	201.0	171.66035992878514	201.0	201.0	201.0	107.6128996312967	167.19827304152776	200.5383204218835
pop_size_comparison7pop1	800	1.0015845388935267	1628.881933374967	187.29483498325237	146.49868506299364	163.39483365355423	201.0	142.43026794709783	201.0	181.71473405919062	185.5992584345187	201.0	164.69809926686872
pop_size_root_comparison7pop2	800	0.9995174183477353	2010.0	201.0	201.0	201.0	126.57938028417976	201.0	201.0	178.62651847650693	201.0	201.0	139.98982714617924
ln_likelihood_comparison8pop1	800	1.0002958695813025	1722.447600337221	201.0	195.4977265433424	201.0	160.94420876310943	138.25066199511969	155.22284939236744	201.0	201.0	201.0	190.97760679766918
root_height_comparison8pop1	800	0.9993689481560412	2010.0	159.43421545990134	201.0	149.7961007920421	124.65082137277851	185.3154922388204	180.07854702157616	156.24644862593215	131.54981071592644	201.0	201.0
pop_size_comparison8pop1	800	1.0012680152495121	1793.7645451918838	201.0	201.0	201.0	163.60462201408023	115.39868721776905	104.75426405589593	201.0	132.93664775094214	175.33648780266137	110.65355575933496
pop_size_comparison8pop2	800	1.0004163646512452	1901.4217024617653	201.0	201.0	201.0	201.0	96.28899548916807	122.28937318346432	138.64726405104312	147.8979487751738	201.0	130.3885285754029
pop_size_root_comparison8pop1	800	1.0016863130510438	1704.1277224503679	201.0	166.45088116274366	201.0	200.69478854450006	88.86224261105207	138.38709439355895	201.0	124.09039296840707	189.3957350114068	167.68833540054737
ln_likelihood_comparison9pop2	800	1.0010602126233075	2010.0	163.9426629499431	198.305805358598	201.0	176.67183045475824	201.0	136.05771257833922	201.0	201.0	128.23385729218464	191.8029805524411
root_height_comparison9pop2	800	1.0012226871214422	1315.9096475682536	111.05464908055717	189.3382772670983	170.6622564551553	201.0	156.07978013244198	201.0	201.0	133.10865531440984	118.51420105082852	201.0
pop_size_comparison9pop2	800	0.999592366229281	1487.8770270672253	107.05800007242475	201.0	140.0063538993876	201.0	182.49259698323775	201.0	151.4202160714781	109.72144157313288	197.6916091574066	169.11447011714984
pop_size_comparison9pop1	800	1.0004896987081484	1348.6573438700218	149.90824181113427	111.33315649442716	162.4634322766788	92.04284964748094	201.0	155.5950980473733	201.0	142.18090832093205	181.13787340830825	154.21049747623724
pop_size_root_comparison9pop2	800	1.0008051077748008	1445.5016846976243	163.9236124116415	119.75230705073857	201.0	188.54991776009612	168.81618208678043	186.22490249508647	201.0	201.0	119.70085606468531	189.35071733848156
ln_likelihood_comparison11pop2	800	1.0012059395759065	1828.1630993625433	177.3995374065836	154.45071097968741	159.85593997312068	156.94572138975403	201.0	149.09839112547732	201.0	143.00554936369406	195.9271026872518	201.0
root_height_comparison11pop2	800	1.0003819714803235	1414.4867479922455	155.3163937308107	141.57820047134993	180.0101790659127	128.4923310048234	201.0	131.6637744647344	110.54711361594256	181.07462365409125	201.0	194.24121531025776
pop_size_comparison11pop2	800	0.9997190677682164	1768.5551458816167	131.50645023844285	201.0	201.0	201.0	141.31059965497423	201.0	201.0	172.1182707037659	127.37585644421996	201.0
pop_size_comparison11pop1	800	1.0022628703648466	1423.5152885134062	201.0	201.0	163.830013671973	184.4237814780909	146.4511619137147	201.0	201.0	113.09029740038523	201.0	176.50250514367576
pop_size_root_comparison11pop2	800	0.9989954252930927	1849.8018622903992	109.5567543239677	139.50452637503156	201.0	197.34416717397892	201.0	178.2168472452071	161.57885937884615	101.57055310819536	201.0	201.0
ln_likelihood_comparison17pop1	800	0.9994480248042351	1908.841824289843	156.55529184221814	201.0	201.0	137.06870126850941	201.0	120.81822433896073	201.0	201.0	201.0	173.32398370186056
root_height_comparison17pop1	800	1.0048350485912503	1215.8860484324152	127.30748476985434	146.3476484416111	201.0	98.33912204462153	154.7254170806193	201.0	152.27120164483495	179.42586891904233	201.0	141.5460732564977
pop_size_comparison17pop1	800	1.0000375888237065	1741.1931141101436	120.45850407593653	201.0	139.8304513609549	147.48877880025717	165.25822203717723	201.0	201.0	103.99405774864742	120.65520785792044	163.09264137807145
pop_size_comparison17pop2	800	1.0008373641620958	1194.8134050776089	106.06900040735107	131.46636243192916	79.71819803525659	113.66958217804246	138.56381420591674	201.0	177.6899724418872	131.11593010375998	104.21894622508742	111.26088122442023
pop_size_root_comparison17pop1	800	1.000474982612467	2010.0	167.12193494109127	165.33351259456816	179.26747631973882	108.40932349508203	201.0	170.6007314988683	201.0	201.0	159.05242056941842	201.0
ln_likelihood_comparison19pop2	800	0.9998748042018802	2010.0	200.01962045684616	201.0	201.0	201.0	178.18119875573487	201.0	183.74431290179305	201.0	201.0	201.0
root_height_comparison19pop2	800	1.0011149531541235	1957.0674247447882	144.56102899570155	196.71534376254715	201.0	201.0	201.0	201.0	201.0	176.8670947228272	170.03435125312166	178.46128611528832
pop_size_comparison19pop2	800	0.9991774158713148	1574.6884833606282	201.0	139.40742268305354	201.0	149.9141881175258	132.78672257849016	129.9384801763891	132.70867596662168	201.0	142.09351956378148	131.63272400903426
pop_size_comparison19pop1	800	0.9998882903002736	1937.0461304834203	146.40398361204103	201.0	162.38770448951192	201.0	132.81132182717198	201.0	141.5135274548514	194.26596718084966	107.14399372938772	201.0
pop_size_root_comparison19pop2	800	1.000895259197271	1978.622197667074	201.0	201.0	201.0	201.0	201.0	201.0	121.73852471251183	187.49437132161606	201.0	201.0
ln_likelihood_comparison21pop2	800	1.001291907691421	2010.0	201.0	116.07302682161138	194.68284562629947	201.0	165.9668256590965	201.0	201.0	201.0	201.0	172.3617185798917
root_height_comparison21pop2	800	1.0001007356781146	1727.0376561916576	201.0	102.7518895905956	100.2864330497075	201.0	187.08783585249446	102.836801452696	201.0	201.0	201.0	201.0
pop_size_comparison21pop2	800	1.0001709370735885	2010.0	175.78070290741502	201.0	184.86238140999484	201.0	129.1548990696261	175.3114690494749	123.48625439266984	101.59358339564831	201.0	201.0
pop_size_comparison21pop1	800	0.9994261067929074	2010.0	201.0	201.0	127.97855327041536	201.0	176.940534948398	201.0	158.23526344948127	185.04229837148296	201.0	201.0
pop_size_root_comparison21pop2	800	1.0006185998555024	2010.0	201.0	201.0	151.3506960198825	201.0	114.79980595900271	201.0	168.1201036655288	104.82905705516114	201.0	161.7341981332809
ln_likelihood	900	1.003326271364649	1010.0	101.0	65.28503469761795	81.85446469510978	68.82108940389872	83.64842188850113	101.0	75.8331585259806	101.0	101.0	84.78274238496226
concentration	900	1.0059392084552883	462.8713794814775	84.5219449322741	46.76904812019237	44.93580861836574	66.17936410464199	45.59521855898678	41.567556746250396	101.0	101.0	79.23027951170953	101.0
ln_likelihood_comparison2pop1	900	1.0027606258572872	842.2472204035806	101.0	90.43868305650007	70.03004950300422	53.04781062959985	101.0	101.0	101.0	89.6191903715565	101.0	55.567636172021
root_height_comparison2pop1	900	0.998665484018999	1010.0	71.24339271529081	43.89808025862552	40.947820310723955	93.22331240162846	101.0	50.320917231739465	101.0	101.0	101.0	66.1617116508004
pop_size_comparison2pop1	900	0.998384828781255	864.9398069914146	39.48626898735912	66.95074039118336	101.0	101.0	101.0	101.0	67.80702592061493	84.48544448573527	101.0	101.0
pop_size_comparison2pop2	900	1.0009309743226031	1010.0	94.74254272822421	101.0	83.17326315193326	89.00336935150237	101.0	76.29379185360054	58.2134681930989	101.0	101.0	84.39602374005707
pop_size_root_comparison2pop1	900	1.0020573944136788	806.8251639166189	60.54195277792097	101.0	101.0	52.71040335447689	53.12341439639519	57.56476197719644	55.57973091088422	101.0	101.0	78.93692793090888
ln_likelihood_comparison4pop2	900	0.9989835277113908	1010.0	101.0	79.48457395294736	62.41197703643844	101.0	72.62066823365457	101.0	85.79022585363182	89.96125589880225	101.0	98.12518336881338
root_height_comparison4pop2	900	1.0016603173537055	1010.0	52.88449429627102	63.71770721801216	62.896595266873824	87.59838740445437	96.78967250882738	84.58835255165266	101.0	88.56678511875057	101.0	101.0
pop_size_comparison4pop2	900	1.0005697547344352	763.9946683170563	101.0	61.221099181508826	73.26242703164912	101.0	71.61542219735466	101.0	101.0	101.0	101.0	77.55679324198717
pop_size_comparison4pop1	900	1.000858220408629	1006.1089469301168	101.0	68.17828161492048	101.0	83.91838478979923	94.66790859034779	101.0	101.0	101.0	101.0	101.0
pop_size_root_comparison4pop2	900	0.9987958071125554	966.3950541408284	101.0	74.22108987865812	60.779805689963695	101.0	77.98629473242907	101.0	101.0	101.0	101.0	70.09879999138101
ln_likelihood_comparison7pop2	900	0.9985580379480511	884.3982173346634	101.0	101.0	101.0	62.68700288967969	101.0	101.0	60.86732692077228	101.0	101.0	79.33458536793368
root_height_comparison7pop2	900	1.0013229774467183	1010.0	101.0	81.82644805878185	101.0	101.0	101.0	61.00297933879276	101.0	101.0	101.0	68.3387765263196
pop_size_comparison7pop2	900	0.9979079955024219	1010.0	95.08051143854783	101.0	101.0	101.0	101.0	64.49563660502012	89.56896748978455	64.8458825658377	101.0	75.89032247989944
pop_size_comparison7pop1	900	1.000652628187358	839.2017734074617	89.43884052272038	57.11152473572032	101.0	101.0	60.013011768185905	101.0	101.0	89.38329158934185	101.0	61.30314586535302
pop_size_root_comparison7pop2	900	0.9974462582422879	870.9383893241289	101.0	94.31127790423994	101.0	54.65298622879052	101.0	101.0	84.38542186000726	94.6025300394673	101.0	73.32437990988214
ln_likelihood_comparison8pop1	900	1.0007261659556734	754.8194233118566	101.0	101.0	101.0	61.714613876642005	73.68941230811889	99.62584384052187	79.28646312522038	88.17564878830653	101.0	101.0
root_height_comparison8pop1	900	0.9982578344762733	1010.0	101.0	101.0	71.63166621187365	84.70171458174633	101.0	101.0	55.78464487918681	101.0	101.0	101.0
pop_size_comparison8pop1	900	1.0026093467200974	963.4131766883436	101.0	101.0	81.10689808452837	82.20641307254003	101.0	101.0	101.0	52.68265521499323	83.03996014983524	71.82939285059848
pop_size_comparison8pop2	900	1.000656701739047	826.2643571617901	101.0	101.0	74.31565357775679	96.94185256827073	83.3138171896689	68.42446197953804	55.901979462880426	51.12300661323896	101.0	47.781477829284036
pop_size_root_comparison8pop1	900	1.0019170284207533	891.5221974837807	99.51030739689416	101.0	88.72442623432308	84.04431707904456	96.35599447490388	101.0	98.10637619142425	47.53316779977096	101.0	86.13083517944027
ln_likelihood_comparison9pop2	900	1.001619129660085	890.8722991753671	52.97963526895487	101.0	69.40467800948694	101.0	72.95888544871701	90.99852413570328	101.0	101.0	42.34707322557395	60.345655270555014
root_height_comparison9pop2	900	1.0022475104171005	603.6267544211486	44.709673659189846	78.65322185456849	52.268918996259806	101.0	101.0	101.0	101.0	72.56830170754283	94.70259637060151	79.03256677273481
pop_size_comparison9pop2	900	1.000721920796423	712.4579102770637	45.37991731069138	90.78928236455906	76.51250684356954	101.0	82.23448598039012	67.92071996367243	54.91691670501109	55.698106077637405	101.0	52.46843412567576
pop_size_comparison9pop1	900	1.0041376135095177	799.522986627381	82.45471886625873	101.0	70.50711967364849	101.0	98.62448616678792	66.9127157666132	101.0	101.0	52.265430507900085	101.0
pop_size_root_comparison9pop2	900	1.0032316950232163	971.7229637212467	51.73058565056244	101.0	42.65730358049076	101.0	84.87573216903195	101.0	101.0	89.68976272529797	62.02206636039484	97.0033158810784
ln_likelihood_comparison11pop2	900	0.9995599535768259	1010.0	101.0	101.0	76.35923472419363	98.04401550676165	91.21858518088207	101.0	93.5982602651769	53.63808841249631	101.0	98.36296285322602
root_height_comparison11pop2	900	1.0018929860211878	743.4481139317878	87.41195137474764	83.92828321297729	98.0558210961718	53.312916334790316	101.0	101.0	59.26717911976519	101.0	101.0	84.7596174954723
pop_size_comparison11pop2	900	1.0016821346598896	1010.0	72.6092061315166	78.32123152049651	101.0	101.0	73.6178983176474	101.0	101.0	79.40817328351648	101.0	101.0
pop_size_comparison11pop1	900	1.0038246995729654	714.3878934780654	101.0	95.62486951565758	81.44307276187205	101.0	101.0	101.0	101.0	51.964958767017514	101.0	101.0
pop_size_root_comparison11pop2	900	1.00219946780602	737.6676273200665	97.35084117929688	81.3519464196219	101.0	101.0	93.78298028241647	101.0	101.0	42.67092442399131	101.0	101.0
ln_likelihood_comparison17pop1	900	0.9982005864399528	820.4680327000713	51.608606476339844	101.0	101.0	58.25179043203092	101.0	51.90195881856158	101.0	101.0	101.0	101.0
root_height_comparison17pop1	900	1.0074204952558823	725.3521050982735	90.59660504894333	77.05468538447131	101.0	101.0	81.65937197423631	93.34244025265649	101.0	101.0	101.0	53.495867322112524
pop_size_comparison17pop1	900	0.9996701921323127	661.2919663749435	48.773815530026205	96.9753977335514	64.82062199332273	48.700153238711465	63.796215051792785	76.43454331439389	60.138803865823796	68.51573161540695	67.57458875925319	64.01850535327833
pop_size_comparison17pop2	900	1.0051664394721598	622.8960707960658	55.56429094737165	72.61067498459822	46.43587030312414	45.630887657564216	34.41685283529047	101.0	63.49221158489427	94.46897371281953	90.07900113585806	51.31958313227743
pop_size_root_comparison17pop1	900	1.0013480711112783	976.8284875104978	64.62298307334096	81.71552147488487	101.0	61.853568479120995	101.0	61.434285293096124	101.0	101.0	101.0	101.0
ln_likelihood_comparison19pop2	900	0.9992336620451251	1010.0	89.31932052991773	101.0	88.82752865169398	94.47749869329007	53.487568681009606	101.0	87.42068279860868	72.85026429038078	101.0	57.855369902425224
root_height_comparison19pop2	900	0.99911528076562	1010.0	101.0	101.0	101.0	101.0	101.0	95.33188854296715	101.0	84.93590737925167	101.0	61.652536197912944
pop_size_comparison19pop2	900	1.0018019186854124	938.9830193295951	78.22970816807569	101.0	101.0	99.92127792873795	68.60657134367284	73.74033078918626	54.06152236757194	101.0	86.11527295449936	88.72178177815654
pop_size_comparison19pop1	900	0.9984861548324859	802.3976834950186	47.1731961813725	101.0	101.0	98.63833735815176	67.24428042175485	77.29364197399867	84.2705650768244	93.08571892620212	94.65771197287404	101.0
pop_size_root_comparison19pop2	900	0.9989980358988895	991.3919303605253	101.0	101.0	101.0	89.43995865188572	50.357130336562705	101.0	69.63968092671286	67.94929221647152	101.0	83.11767122620331
ln_likelihood_comparison21pop2	900	1.005751396489472	939.8238279895816	85.32857092755039	58.621952678124856	101.0	86.60834214500616	66.49383100517257	67.2607845779062	101.0	101.0	78.13798107734375	101.0
root_height_comparison21pop2	900	1.0017634508357502	840.4355818841136	81.00321994367059	91.80110068502745	58.35906789875082	101.0	99.92771953218927	71.63461142203025	57.203340898338936	101.0	101.0	101.0
pop_size_comparison21pop2	900	1.0011448379168435	748.1167160111443	79.44363474478175	101.0	78.88450998859435	59.4527999369339	88.70814264663144	80.3256057038457	97.2700341747191	41.911388650866904	59.40256950302703	101.0
pop_size_comparison21pop1	900	1.0005417190634056	1006.6258042017541	101.0	101.0	88.56297330754126	101.0	101.0	101.0	66.7589878490373	101.0	101.0	101.0
pop_size_root_comparison21pop2	900	1.0017495345208343	886.8130527004643	101.0	101.0	90.75115412215288	101.0	61.465742381689374	101.0	72.57352991421492	36.933474823674615	101.0	101.0
